1019,'1473309',602,,41,2,0,5,0
1019,'1473310',702,,42,2,0,5,0
1019,'1473311',802,,43,2,0,5,0
1019,'1473312',902,,44,2,0,5,0
1019,'1473313',1002,,45,2,0,5,0
1019,'1473314',1202,,46,2,0,5,0
1019,'1473315',1402,,47,2,0,5,0
1019,'1473316',1502,,48,2,0,5,0
1019,'1473317',1602,,49,2,0,5,0
1019,'1473318',1702,,50,2,0,5,0
1019,'1473319',1802,,51,2,0,5,0
1019,'1473320',1902,,52,2,0,5,0
1019,'1473321',2102,,53,2,0,5,0
1019,'1473322',802,,54,2,0,5,0
1019,'1473323',1002,,55,2,0,5,0
1019,'1473324',1202,,56,2,0,5,0
1019,'1473325',1402,,57,2,0,5,0
1019,'1473326',1602,,58,2,0,5,0
1019,'1473327',1802,,59,2,0,5,0
1019,'1473328',2002,,60,2,0,5,0
1019,'1473329',2202,,61,2,0,5,0
