1019,'1473309',627,,41,28,0,5,0
1019,'1473310',727,,42,28,0,5,0
1019,'1473311',827,,43,28,0,5,0
1019,'1473312',927,,44,28,0,5,0
1019,'1473313',1027,,45,28,0,5,0
1019,'1473314',1227,,46,28,0,5,0
1019,'1473315',1427,,47,28,0,5,0
1019,'1473316',1527,,48,28,0,5,0
1019,'1473317',1627,,49,28,0,5,0
1019,'1473318',1727,,50,28,0,5,0
1019,'1473319',1827,,51,28,0,5,0
1019,'1473320',1927,,52,28,0,5,0
1019,'1473321',2127,,53,28,0,5,0
1019,'1473322',827,,54,28,0,5,0
1019,'1473323',1027,,55,28,0,5,0
1019,'1473324',1227,,56,28,0,5,0
1019,'1473325',1427,,57,28,0,5,0
1019,'1473326',1627,,58,28,0,5,0
1019,'1473327',1827,,59,28,0,5,0
1019,'1473328',2027,,60,28,0,5,0
1019,'1473329',2227,,61,28,0,5,0
