2019,'1332928',931,,22,24,,,0
2019,'1332949',731,,23,24,,,0
2019,'1332954',1131,,24,24,,,0
2019,'1332961',1131,,25,24,,,0
2019,'1332971',2131,,26,24,,,0
2019,'1332988',2031,,27,24,,,0
2019,'1332991',1531,,28,24,,,0
2019,'1333028',831,,29,24,,,0
2019,'1333064',1931,,30,24,,,0
2019,'1333090',1831,,31,24,,,0
2019,'1333152',1631,,32,24,,,0
2019,'1333230',1331,,33,24,,,0
2019,'1333329',931,,34,24,,,0
2019,'1333331',1731,,35,24,,,0
2019,'1333332',1331,,36,24,,,0
2019,'1333378',2231,,37,24,,,0
2019,'1333393',1531,,38,24,,,0
2019,'1333414',1731,,39,24,,,0
2019,'1333424',1931,,40,24,,,0
