1019,'1473309',630,,41,32,0,5,0
1019,'1473310',730,,42,32,0,5,0
1019,'1473311',830,,43,32,0,5,0
1019,'1473312',930,,44,32,0,5,0
1019,'1473313',1030,,45,32,0,5,0
1019,'1473314',1230,,46,32,0,5,0
1019,'1473315',1430,,47,32,0,5,0
1019,'1473316',1530,,48,32,0,5,0
1019,'1473317',1630,,49,32,0,5,0
1019,'1473318',1730,,50,32,0,5,0
1019,'1473319',1830,,51,32,0,5,0
1019,'1473320',1930,,52,32,0,5,0
1019,'1473321',2130,,53,32,0,5,0
1019,'1473322',830,,54,32,0,5,0
1019,'1473323',1030,,55,32,0,5,0
1019,'1473324',1230,,56,32,0,5,0
1019,'1473325',1430,,57,32,0,5,0
1019,'1473326',1630,,58,32,0,5,0
1019,'1473327',1830,,59,32,0,5,0
1019,'1473328',2030,,60,32,0,5,0
1019,'1473329',2230,,61,32,0,5,0
