1019,'1473309',607,,41,8,0,5,0
1019,'1473310',707,,42,8,0,5,0
1019,'1473311',807,,43,8,0,5,0
1019,'1473312',907,,44,8,0,5,0
1019,'1473313',1007,,45,8,0,5,0
1019,'1473314',1207,,46,8,0,5,0
1019,'1473315',1407,,47,8,0,5,0
1019,'1473316',1507,,48,8,0,5,0
1019,'1473317',1607,,49,8,0,5,0
1019,'1473318',1707,,50,8,0,5,0
1019,'1473319',1807,,51,8,0,5,0
1019,'1473320',1907,,52,8,0,5,0
1019,'1473321',2107,,53,8,0,5,0
1019,'1473322',807,,54,8,0,5,0
1019,'1473323',1007,,55,8,0,5,0
1019,'1473324',1207,,56,8,0,5,0
1019,'1473325',1407,,57,8,0,5,0
1019,'1473326',1607,,58,8,0,5,0
1019,'1473327',1807,,59,8,0,5,0
1019,'1473328',2007,,60,8,0,5,0
1019,'1473329',2207,,61,8,0,5,0
