1019,'1473309',645,,41,38,,,0
1019,'1473310',745,,42,38,,,0
1019,'1473311',845,,43,38,,,0
1019,'1473312',945,,44,38,,,0
1019,'1473313',1045,,45,38,,,0
1019,'1473314',1245,,46,38,,,0
1019,'1473315',1445,,47,38,,,0
1019,'1473316',1545,,48,38,,,0
1019,'1473317',1645,,49,38,,,0
1019,'1473318',1745,,50,38,,,0
1019,'1473319',1845,,51,38,,,0
1019,'1473320',1945,,52,38,,,0
1019,'1473321',2145,,53,38,,,0
1019,'1473322',845,,54,38,,,0
1019,'1473323',1045,,55,38,,,0
1019,'1473324',1245,,56,38,,,0
1019,'1473325',1445,,57,38,,,0
1019,'1473326',1645,,58,38,,,0
1019,'1473327',1845,,59,38,,,0
1019,'1473328',2045,,60,38,,,0
1019,'1473329',2245,,61,38,,,0
