1019,'1473309',638,,41,35,0,5,0
1019,'1473310',738,,42,35,0,5,0
1019,'1473311',838,,43,35,0,5,0
1019,'1473312',938,,44,35,0,5,0
1019,'1473313',1038,,45,35,0,5,0
1019,'1473314',1238,,46,35,0,5,0
1019,'1473315',1438,,47,35,0,5,0
1019,'1473316',1538,,48,35,0,5,0
1019,'1473317',1638,,49,35,0,5,0
1019,'1473318',1738,,50,35,0,5,0
1019,'1473319',1838,,51,35,0,5,0
1019,'1473320',1938,,52,35,0,5,0
1019,'1473321',2138,,53,35,0,5,0
1019,'1473322',838,,54,35,0,5,0
1019,'1473323',1038,,55,35,0,5,0
1019,'1473324',1238,,56,35,0,5,0
1019,'1473325',1438,,57,35,0,5,0
1019,'1473326',1638,,58,35,0,5,0
1019,'1473327',1838,,59,35,0,5,0
1019,'1473328',2038,,60,35,0,5,0
1019,'1473329',2238,,61,35,0,5,0
