2019,'1332928',948,,22,35,,,0
2019,'1332949',748,,23,35,,,0
2019,'1332954',1148,,24,35,,,0
2019,'1332961',1148,,25,35,,,0
2019,'1332971',2148,,26,35,,,0
2019,'1332988',2048,,27,35,,,0
2019,'1332991',1548,,28,35,,,0
2019,'1333028',848,,29,35,,,0
2019,'1333064',1948,,30,35,,,0
2019,'1333090',1848,,31,35,,,0
2019,'1333152',1648,,32,35,,,0
2019,'1333230',1348,,33,35,,,0
2019,'1333329',948,,34,35,,,0
2019,'1333331',1748,,35,35,,,0
2019,'1333332',1348,,36,35,,,0
2019,'1333378',2248,,37,35,,,0
2019,'1333393',1548,,38,35,,,0
2019,'1333414',1748,,39,35,,,0
2019,'1333424',1948,,40,35,,,0
