1019,'1473309',655,,41,44,,,0
1019,'1473310',755,,42,44,,,0
1019,'1473311',855,,43,44,,,0
1019,'1473312',955,,44,44,,,0
1019,'1473313',1055,,45,44,,,0
1019,'1473314',1255,,46,44,,,0
1019,'1473315',1455,,47,44,,,0
1019,'1473316',1555,,48,44,,,0
1019,'1473317',1655,,49,44,,,0
1019,'1473318',1755,,50,44,,,0
1019,'1473319',1855,,51,44,,,0
1019,'1473320',1955,,52,44,,,0
1019,'1473321',2155,,53,44,,,0
1019,'1473322',855,,54,44,,,0
1019,'1473323',1055,,55,44,,,0
1019,'1473324',1255,,56,44,,,0
1019,'1473325',1455,,57,44,,,0
1019,'1473326',1655,,58,44,,,0
1019,'1473327',1855,,59,44,,,0
1019,'1473328',2055,,60,44,,,0
1019,'1473329',2255,,61,44,,,0
