2019,'1332928',909,,22,8,,,0
2019,'1332949',709,,23,8,,,0
2019,'1332954',1109,,24,8,,,0
2019,'1332961',1109,,25,8,,,0
2019,'1332971',2109,,26,8,,,0
2019,'1332988',2009,,27,8,,,0
2019,'1332991',1509,,28,8,,,0
2019,'1333028',809,,29,8,,,0
2019,'1333064',1909,,30,8,,,0
2019,'1333090',1809,,31,8,,,0
2019,'1333152',1609,,32,8,,,0
2019,'1333230',1309,,33,8,,,0
2019,'1333329',909,,34,8,,,0
2019,'1333331',1709,,35,8,,,0
2019,'1333332',1309,,36,8,,,0
2019,'1333378',2209,,37,8,,,0
2019,'1333393',1509,,38,8,,,0
2019,'1333414',1709,,39,8,,,0
2019,'1333424',1909,,40,8,,,0
