2019,'1332928',906,,22,3,,,0
2019,'1332949',706,,23,3,,,0
2019,'1332954',1106,,24,3,,,0
2019,'1332961',1106,,25,3,,,0
2019,'1332971',2106,,26,3,,,0
2019,'1332988',2006,,27,3,,,0
2019,'1332991',1506,,28,3,,,0
2019,'1333028',806,,29,3,,,0
2019,'1333064',1906,,30,3,,,0
2019,'1333090',1806,,31,3,,,0
2019,'1333152',1606,,32,3,,,0
2019,'1333230',1306,,33,3,,,0
2019,'1333329',906,,34,3,,,0
2019,'1333331',1706,,35,3,,,0
2019,'1333332',1306,,36,3,,,0
2019,'1333378',2206,,37,3,,,0
2019,'1333393',1506,,38,3,,,0
2019,'1333414',1706,,39,3,,,0
2019,'1333424',1906,,40,3,,,0
