1019,'1473309',656,,41,45,,,0
1019,'1473310',756,,42,45,,,0
1019,'1473311',856,,43,45,,,0
1019,'1473312',956,,44,45,,,0
1019,'1473313',1056,,45,45,,,0
1019,'1473314',1256,,46,45,,,0
1019,'1473315',1456,,47,45,,,0
1019,'1473316',1556,,48,45,,,0
1019,'1473317',1656,,49,45,,,0
1019,'1473318',1756,,50,45,,,0
1019,'1473319',1856,,51,45,,,0
1019,'1473320',1956,,52,45,,,0
1019,'1473321',2156,,53,45,,,0
1019,'1473322',856,,54,45,,,0
1019,'1473323',1056,,55,45,,,0
1019,'1473324',1256,,56,45,,,0
1019,'1473325',1456,,57,45,,,0
1019,'1473326',1656,,58,45,,,0
1019,'1473327',1856,,59,45,,,0
1019,'1473328',2056,,60,45,,,0
1019,'1473329',2256,,61,45,,,0
