1019,'1473309',617,,41,20,0,5,0
1019,'1473310',717,,42,20,0,5,0
1019,'1473311',817,,43,20,0,5,0
1019,'1473312',917,,44,20,0,5,0
1019,'1473313',1017,,45,20,0,5,0
1019,'1473314',1217,,46,20,0,5,0
1019,'1473315',1417,,47,20,0,5,0
1019,'1473316',1517,,48,20,0,5,0
1019,'1473317',1617,,49,20,0,5,0
1019,'1473318',1717,,50,20,0,5,0
1019,'1473319',1817,,51,20,0,5,0
1019,'1473320',1917,,52,20,0,5,0
1019,'1473321',2117,,53,20,0,5,0
1019,'1473322',817,,54,20,0,5,0
1019,'1473323',1017,,55,20,0,5,0
1019,'1473324',1217,,56,20,0,5,0
1019,'1473325',1417,,57,20,0,5,0
1019,'1473326',1617,,58,20,0,5,0
1019,'1473327',1817,,59,20,0,5,0
1019,'1473328',2017,,60,20,0,5,0
1019,'1473329',2217,,61,20,0,5,0
