2019,'1332928',922,,22,16,,,0
2019,'1332949',722,,23,16,,,0
2019,'1332954',1122,,24,16,,,0
2019,'1332961',1122,,25,16,,,0
2019,'1332971',2122,,26,16,,,0
2019,'1332988',2022,,27,16,,,0
2019,'1332991',1522,,28,16,,,0
2019,'1333028',822,,29,16,,,0
2019,'1333064',1922,,30,16,,,0
2019,'1333090',1822,,31,16,,,0
2019,'1333152',1622,,32,16,,,0
2019,'1333230',1322,,33,16,,,0
2019,'1333329',922,,34,16,,,0
2019,'1333331',1722,,35,16,,,0
2019,'1333332',1322,,36,16,,,0
2019,'1333378',2222,,37,16,,,0
2019,'1333393',1522,,38,16,,,0
2019,'1333414',1722,,39,16,,,0
2019,'1333424',1922,,40,16,,,0
