1019,'1473309',647,,41,39,,,0
1019,'1473310',747,,42,39,,,0
1019,'1473311',847,,43,39,,,0
1019,'1473312',947,,44,39,,,0
1019,'1473313',1047,,45,39,,,0
1019,'1473314',1247,,46,39,,,0
1019,'1473315',1447,,47,39,,,0
1019,'1473316',1547,,48,39,,,0
1019,'1473317',1647,,49,39,,,0
1019,'1473318',1747,,50,39,,,0
1019,'1473319',1847,,51,39,,,0
1019,'1473320',1947,,52,39,,,0
1019,'1473321',2147,,53,39,,,0
1019,'1473322',847,,54,39,,,0
1019,'1473323',1047,,55,39,,,0
1019,'1473324',1247,,56,39,,,0
1019,'1473325',1447,,57,39,,,0
1019,'1473326',1647,,58,39,,,0
1019,'1473327',1847,,59,39,,,0
1019,'1473328',2047,,60,39,,,0
1019,'1473329',2247,,61,39,,,0
