1,1019,'1473309',41
1,1019,'1473310',42
1,1019,'1473311',43
1,1019,'1473312',44
1,1019,'1473313',45
1,1019,'1473314',46
1,1019,'1473315',47
1,1019,'1473316',48
1,1019,'1473317',49
1,1019,'1473318',50
1,1019,'1473319',51
1,1019,'1473320',52
1,1019,'1473321',53
1,1019,'1473322',54
1,1019,'1473323',55
1,1019,'1473324',56
1,1019,'1473325',57
1,1019,'1473326',58
1,1019,'1473327',59
1,1019,'1473328',60
1,1019,'1473329',61
2,2019,'1332928',22
2,2019,'1332949',23
2,2019,'1332954',24
2,2019,'1332961',25
2,2019,'1332971',26
2,2019,'1332988',27
2,2019,'1332991',28
2,2019,'1333028',29
2,2019,'1333064',30
2,2019,'1333090',31
2,2019,'1333152',32
2,2019,'1333230',33
2,2019,'1333329',34
2,2019,'1333331',35
2,2019,'1333332',36
2,2019,'1333378',37
2,2019,'1333393',38
2,2019,'1333414',39
2,2019,'1333424',40
