2019,'1332928',906,,22,2,,,0
2019,'1332949',706,,23,2,,,0
2019,'1332954',1106,,24,2,,,0
2019,'1332961',1106,,25,2,,,0
2019,'1332971',2106,,26,2,,,0
2019,'1332988',2006,,27,2,,,0
2019,'1332991',1506,,28,2,,,0
2019,'1333028',806,,29,2,,,0
2019,'1333064',1906,,30,2,,,0
2019,'1333090',1806,,31,2,,,0
2019,'1333152',1606,,32,2,,,0
2019,'1333230',1306,,33,2,,,0
2019,'1333329',906,,34,2,,,0
2019,'1333331',1706,,35,2,,,0
2019,'1333332',1306,,36,2,,,0
2019,'1333378',2206,,37,2,,,0
2019,'1333393',1506,,38,2,,,0
2019,'1333414',1706,,39,2,,,0
2019,'1333424',1906,,40,2,,,0
