2019,'1332928',926,,22,20,,,0
2019,'1332949',726,,23,20,,,0
2019,'1332954',1126,,24,20,,,0
2019,'1332961',1126,,25,20,,,0
2019,'1332971',2126,,26,20,,,0
2019,'1332988',2026,,27,20,,,0
2019,'1332991',1526,,28,20,,,0
2019,'1333028',826,,29,20,,,0
2019,'1333064',1926,,30,20,,,0
2019,'1333090',1826,,31,20,,,0
2019,'1333152',1626,,32,20,,,0
2019,'1333230',1326,,33,20,,,0
2019,'1333329',926,,34,20,,,0
2019,'1333331',1726,,35,20,,,0
2019,'1333332',1326,,36,20,,,0
2019,'1333378',2226,,37,20,,,0
2019,'1333393',1526,,38,20,,,0
2019,'1333414',1726,,39,20,,,0
2019,'1333424',1926,,40,20,,,0
