1019,'1473309',604,,41,5,0,5,0
1019,'1473310',704,,42,5,0,5,0
1019,'1473311',804,,43,5,0,5,0
1019,'1473312',904,,44,5,0,5,0
1019,'1473313',1004,,45,5,0,5,0
1019,'1473314',1204,,46,5,0,5,0
1019,'1473315',1404,,47,5,0,5,0
1019,'1473316',1504,,48,5,0,5,0
1019,'1473317',1604,,49,5,0,5,0
1019,'1473318',1704,,50,5,0,5,0
1019,'1473319',1804,,51,5,0,5,0
1019,'1473320',1904,,52,5,0,5,0
1019,'1473321',2104,,53,5,0,5,0
1019,'1473322',804,,54,5,0,5,0
1019,'1473323',1004,,55,5,0,5,0
1019,'1473324',1204,,56,5,0,5,0
1019,'1473325',1404,,57,5,0,5,0
1019,'1473326',1604,,58,5,0,5,0
1019,'1473327',1804,,59,5,0,5,0
1019,'1473328',2004,,60,5,0,5,0
1019,'1473329',2204,,61,5,0,5,0
