1019,'1473309',629,,41,31,0,5,0
1019,'1473310',729,,42,31,0,5,0
1019,'1473311',829,,43,31,0,5,0
1019,'1473312',929,,44,31,0,5,0
1019,'1473313',1029,,45,31,0,5,0
1019,'1473314',1229,,46,31,0,5,0
1019,'1473315',1429,,47,31,0,5,0
1019,'1473316',1529,,48,31,0,5,0
1019,'1473317',1629,,49,31,0,5,0
1019,'1473318',1729,,50,31,0,5,0
1019,'1473319',1829,,51,31,0,5,0
1019,'1473320',1929,,52,31,0,5,0
1019,'1473321',2129,,53,31,0,5,0
1019,'1473322',829,,54,31,0,5,0
1019,'1473323',1029,,55,31,0,5,0
1019,'1473324',1229,,56,31,0,5,0
1019,'1473325',1429,,57,31,0,5,0
1019,'1473326',1629,,58,31,0,5,0
1019,'1473327',1829,,59,31,0,5,0
1019,'1473328',2029,,60,31,0,5,0
1019,'1473329',2229,,61,31,0,5,0
