1019,'1473309',624,,41,25,0,5,0
1019,'1473310',724,,42,25,0,5,0
1019,'1473311',824,,43,25,0,5,0
1019,'1473312',924,,44,25,0,5,0
1019,'1473313',1024,,45,25,0,5,0
1019,'1473314',1224,,46,25,0,5,0
1019,'1473315',1424,,47,25,0,5,0
1019,'1473316',1524,,48,25,0,5,0
1019,'1473317',1624,,49,25,0,5,0
1019,'1473318',1724,,50,25,0,5,0
1019,'1473319',1824,,51,25,0,5,0
1019,'1473320',1924,,52,25,0,5,0
1019,'1473321',2124,,53,25,0,5,0
1019,'1473322',824,,54,25,0,5,0
1019,'1473323',1024,,55,25,0,5,0
1019,'1473324',1224,,56,25,0,5,0
1019,'1473325',1424,,57,25,0,5,0
1019,'1473326',1624,,58,25,0,5,0
1019,'1473327',1824,,59,25,0,5,0
1019,'1473328',2024,,60,25,0,5,0
1019,'1473329',2224,,61,25,0,5,0
