2019,'1332928',950,,22,37,,,0
2019,'1332949',750,,23,37,,,0
2019,'1332954',1150,,24,37,,,0
2019,'1332961',1150,,25,37,,,0
2019,'1332971',2150,,26,37,,,0
2019,'1332988',2050,,27,37,,,0
2019,'1332991',1550,,28,37,,,0
2019,'1333028',850,,29,37,,,0
2019,'1333064',1950,,30,37,,,0
2019,'1333090',1850,,31,37,,,0
2019,'1333152',1650,,32,37,,,0
2019,'1333230',1350,,33,37,,,0
2019,'1333329',950,,34,37,,,0
2019,'1333331',1750,,35,37,,,0
2019,'1333332',1350,,36,37,,,0
2019,'1333378',2250,,37,37,,,0
2019,'1333393',1550,,38,37,,,0
2019,'1333414',1750,,39,37,,,0
2019,'1333424',1950,,40,37,,,0
