1019,'1473309',615,,41,16,0,5,0
1019,'1473310',715,,42,16,0,5,0
1019,'1473311',815,,43,16,0,5,0
1019,'1473312',915,,44,16,0,5,0
1019,'1473313',1015,,45,16,0,5,0
1019,'1473314',1215,,46,16,0,5,0
1019,'1473315',1415,,47,16,0,5,0
1019,'1473316',1515,,48,16,0,5,0
1019,'1473317',1615,,49,16,0,5,0
1019,'1473318',1715,,50,16,0,5,0
1019,'1473319',1815,,51,16,0,5,0
1019,'1473320',1915,,52,16,0,5,0
1019,'1473321',2115,,53,16,0,5,0
1019,'1473322',815,,54,16,0,5,0
1019,'1473323',1015,,55,16,0,5,0
1019,'1473324',1215,,56,16,0,5,0
1019,'1473325',1415,,57,16,0,5,0
1019,'1473326',1615,,58,16,0,5,0
1019,'1473327',1815,,59,16,0,5,0
1019,'1473328',2015,,60,16,0,5,0
1019,'1473329',2215,,61,16,0,5,0
