2019,'1332928',907,,22,4,,,0
2019,'1332949',707,,23,4,,,0
2019,'1332954',1107,,24,4,,,0
2019,'1332961',1107,,25,4,,,0
2019,'1332971',2107,,26,4,,,0
2019,'1332988',2007,,27,4,,,0
2019,'1332991',1507,,28,4,,,0
2019,'1333028',807,,29,4,,,0
2019,'1333064',1907,,30,4,,,0
2019,'1333090',1807,,31,4,,,0
2019,'1333152',1607,,32,4,,,0
2019,'1333230',1307,,33,4,,,0
2019,'1333329',907,,34,4,,,0
2019,'1333331',1707,,35,4,,,0
2019,'1333332',1307,,36,4,,,0
2019,'1333378',2207,,37,4,,,0
2019,'1333393',1507,,38,4,,,0
2019,'1333414',1707,,39,4,,,0
2019,'1333424',1907,,40,4,,,0
