1019,'1473984',627,,1,27,0,5,0
1019,'1473985',727,,2,27,0,5,0
1019,'1473986',827,,3,27,0,5,0
1019,'1473987',927,,4,27,0,5,0
1019,'1473988',1027,,5,27,0,5,0
1019,'1473989',1227,,6,27,0,5,0
1019,'1473990',1427,,7,27,0,5,0
1019,'1473991',1527,,8,27,0,5,0
1019,'1473992',1627,,9,27,0,5,0
1019,'1473993',1727,,10,27,0,5,0
1019,'1473994',1827,,11,27,0,5,0
1019,'1473995',1927,,12,27,0,5,0
1019,'1473996',2127,,13,27,0,5,0
1019,'1473997',827,,14,27,0,5,0
1019,'1473998',1027,,15,27,0,5,0
1019,'1473999',1227,,16,27,0,5,0
1019,'1474000',1427,,17,27,0,5,0
1019,'1474001',1627,,18,27,0,5,0
1019,'1474002',1827,,19,27,0,5,0
1019,'1474003',2027,,20,27,0,5,0
1019,'1474004',2227,,21,27,0,5,0
