1019,'1473309',608,,41,9,0,5,0
1019,'1473310',708,,42,9,0,5,0
1019,'1473311',808,,43,9,0,5,0
1019,'1473312',908,,44,9,0,5,0
1019,'1473313',1008,,45,9,0,5,0
1019,'1473314',1208,,46,9,0,5,0
1019,'1473315',1408,,47,9,0,5,0
1019,'1473316',1508,,48,9,0,5,0
1019,'1473317',1608,,49,9,0,5,0
1019,'1473318',1708,,50,9,0,5,0
1019,'1473319',1808,,51,9,0,5,0
1019,'1473320',1908,,52,9,0,5,0
1019,'1473321',2108,,53,9,0,5,0
1019,'1473322',808,,54,9,0,5,0
1019,'1473323',1008,,55,9,0,5,0
1019,'1473324',1208,,56,9,0,5,0
1019,'1473325',1408,,57,9,0,5,0
1019,'1473326',1608,,58,9,0,5,0
1019,'1473327',1808,,59,9,0,5,0
1019,'1473328',2008,,60,9,0,5,0
1019,'1473329',2208,,61,9,0,5,0
