2019,'1332928',909,,22,6,,,0
2019,'1332949',709,,23,6,,,0
2019,'1332954',1109,,24,6,,,0
2019,'1332961',1109,,25,6,,,0
2019,'1332971',2109,,26,6,,,0
2019,'1332988',2009,,27,6,,,0
2019,'1332991',1509,,28,6,,,0
2019,'1333028',809,,29,6,,,0
2019,'1333064',1909,,30,6,,,0
2019,'1333090',1809,,31,6,,,0
2019,'1333152',1609,,32,6,,,0
2019,'1333230',1309,,33,6,,,0
2019,'1333329',909,,34,6,,,0
2019,'1333331',1709,,35,6,,,0
2019,'1333332',1309,,36,6,,,0
2019,'1333378',2209,,37,6,,,0
2019,'1333393',1509,,38,6,,,0
2019,'1333414',1709,,39,6,,,0
2019,'1333424',1909,,40,6,,,0
