1019,'1473309',635,,41,33,0,5,0
1019,'1473310',735,,42,33,0,5,0
1019,'1473311',835,,43,33,0,5,0
1019,'1473312',935,,44,33,0,5,0
1019,'1473313',1035,,45,33,0,5,0
1019,'1473314',1235,,46,33,0,5,0
1019,'1473315',1435,,47,33,0,5,0
1019,'1473316',1535,,48,33,0,5,0
1019,'1473317',1635,,49,33,0,5,0
1019,'1473318',1735,,50,33,0,5,0
1019,'1473319',1835,,51,33,0,5,0
1019,'1473320',1935,,52,33,0,5,0
1019,'1473321',2135,,53,33,0,5,0
1019,'1473322',835,,54,33,0,5,0
1019,'1473323',1035,,55,33,0,5,0
1019,'1473324',1235,,56,33,0,5,0
1019,'1473325',1435,,57,33,0,5,0
1019,'1473326',1635,,58,33,0,5,0
1019,'1473327',1835,,59,33,0,5,0
1019,'1473328',2035,,60,33,0,5,0
1019,'1473329',2235,,61,33,0,5,0
