2019,'1332928',930,,22,21,,,0
2019,'1332949',730,,23,21,,,0
2019,'1332954',1130,,24,21,,,0
2019,'1332961',1130,,25,21,,,0
2019,'1332971',2130,,26,21,,,0
2019,'1332988',2030,,27,21,,,0
2019,'1332991',1530,,28,21,,,0
2019,'1333028',830,,29,21,,,0
2019,'1333064',1930,,30,21,,,0
2019,'1333090',1830,,31,21,,,0
2019,'1333152',1630,,32,21,,,0
2019,'1333230',1330,,33,21,,,0
2019,'1333329',930,,34,21,,,0
2019,'1333331',1730,,35,21,,,0
2019,'1333332',1330,,36,21,,,0
2019,'1333378',2230,,37,21,,,0
2019,'1333393',1530,,38,21,,,0
2019,'1333414',1730,,39,21,,,0
2019,'1333424',1930,,40,21,,,0
