2019,'1332928',937,,22,25,,,0
2019,'1332949',737,,23,25,,,0
2019,'1332954',1137,,24,25,,,0
2019,'1332961',1137,,25,25,,,0
2019,'1332971',2137,,26,25,,,0
2019,'1332988',2037,,27,25,,,0
2019,'1332991',1537,,28,25,,,0
2019,'1333028',837,,29,25,,,0
2019,'1333064',1937,,30,25,,,0
2019,'1333090',1837,,31,25,,,0
2019,'1333152',1637,,32,25,,,0
2019,'1333230',1337,,33,25,,,0
2019,'1333329',937,,34,25,,,0
2019,'1333331',1737,,35,25,,,0
2019,'1333332',1337,,36,25,,,0
2019,'1333378',2237,,37,25,,,0
2019,'1333393',1537,,38,25,,,0
2019,'1333414',1737,,39,25,,,0
2019,'1333424',1937,,40,25,,,0
