2019,'1332928',952,,22,40,,,0
2019,'1332949',752,,23,40,,,0
2019,'1332954',1152,,24,40,,,0
2019,'1332961',1152,,25,40,,,0
2019,'1332971',2152,,26,40,,,0
2019,'1332988',2052,,27,40,,,0
2019,'1332991',1552,,28,40,,,0
2019,'1333028',852,,29,40,,,0
2019,'1333064',1952,,30,40,,,0
2019,'1333090',1852,,31,40,,,0
2019,'1333152',1652,,32,40,,,0
2019,'1333230',1352,,33,40,,,0
2019,'1333329',952,,34,40,,,0
2019,'1333331',1752,,35,40,,,0
2019,'1333332',1352,,36,40,,,0
2019,'1333378',2252,,37,40,,,0
2019,'1333393',1552,,38,40,,,0
2019,'1333414',1752,,39,40,,,0
2019,'1333424',1952,,40,40,,,0
