1019,'1473309',615,,41,18,0,5,0
1019,'1473310',715,,42,18,0,5,0
1019,'1473311',815,,43,18,0,5,0
1019,'1473312',915,,44,18,0,5,0
1019,'1473313',1015,,45,18,0,5,0
1019,'1473314',1215,,46,18,0,5,0
1019,'1473315',1415,,47,18,0,5,0
1019,'1473316',1515,,48,18,0,5,0
1019,'1473317',1615,,49,18,0,5,0
1019,'1473318',1715,,50,18,0,5,0
1019,'1473319',1815,,51,18,0,5,0
1019,'1473320',1915,,52,18,0,5,0
1019,'1473321',2115,,53,18,0,5,0
1019,'1473322',815,,54,18,0,5,0
1019,'1473323',1015,,55,18,0,5,0
1019,'1473324',1215,,56,18,0,5,0
1019,'1473325',1415,,57,18,0,5,0
1019,'1473326',1615,,58,18,0,5,0
1019,'1473327',1815,,59,18,0,5,0
1019,'1473328',2015,,60,18,0,5,0
1019,'1473329',2215,,61,18,0,5,0
