2019,'1332928',940,,22,26,,,0
2019,'1332949',740,,23,26,,,0
2019,'1332954',1140,,24,26,,,0
2019,'1332961',1140,,25,26,,,0
2019,'1332971',2140,,26,26,,,0
2019,'1332988',2040,,27,26,,,0
2019,'1332991',1540,,28,26,,,0
2019,'1333028',840,,29,26,,,0
2019,'1333064',1940,,30,26,,,0
2019,'1333090',1840,,31,26,,,0
2019,'1333152',1640,,32,26,,,0
2019,'1333230',1340,,33,26,,,0
2019,'1333329',940,,34,26,,,0
2019,'1333331',1740,,35,26,,,0
2019,'1333332',1340,,36,26,,,0
2019,'1333378',2240,,37,26,,,0
2019,'1333393',1540,,38,26,,,0
2019,'1333414',1740,,39,26,,,0
2019,'1333424',1940,,40,26,,,0
