2019,'1332928',905,,22,1,,,0
2019,'1332949',705,,23,1,,,0
2019,'1332954',1105,,24,1,,,0
2019,'1332961',1105,,25,1,,,0
2019,'1332971',2105,,26,1,,,0
2019,'1332988',2005,,27,1,,,0
2019,'1332991',1505,,28,1,,,0
2019,'1333028',805,,29,1,,,0
2019,'1333064',1905,,30,1,,,0
2019,'1333090',1805,,31,1,,,0
2019,'1333152',1605,,32,1,,,0
2019,'1333230',1305,,33,1,,,0
2019,'1333329',905,,34,1,,,0
2019,'1333331',1705,,35,1,,,0
2019,'1333332',1305,,36,1,,,0
2019,'1333378',2205,,37,1,,,0
2019,'1333393',1505,,38,1,,,0
2019,'1333414',1705,,39,1,,,0
2019,'1333424',1905,,40,1,,,0
