1019,'1473309',652,,41,42,,,0
1019,'1473310',752,,42,42,,,0
1019,'1473311',852,,43,42,,,0
1019,'1473312',952,,44,42,,,0
1019,'1473313',1052,,45,42,,,0
1019,'1473314',1252,,46,42,,,0
1019,'1473315',1452,,47,42,,,0
1019,'1473316',1552,,48,42,,,0
1019,'1473317',1652,,49,42,,,0
1019,'1473318',1752,,50,42,,,0
1019,'1473319',1852,,51,42,,,0
1019,'1473320',1952,,52,42,,,0
1019,'1473321',2152,,53,42,,,0
1019,'1473322',852,,54,42,,,0
1019,'1473323',1052,,55,42,,,0
1019,'1473324',1252,,56,42,,,0
1019,'1473325',1452,,57,42,,,0
1019,'1473326',1652,,58,42,,,0
1019,'1473327',1852,,59,42,,,0
1019,'1473328',2052,,60,42,,,0
1019,'1473329',2252,,61,42,,,0
