2019,'1332928',950,,22,39,,,0
2019,'1332949',750,,23,39,,,0
2019,'1332954',1150,,24,39,,,0
2019,'1332961',1150,,25,39,,,0
2019,'1332971',2150,,26,39,,,0
2019,'1332988',2050,,27,39,,,0
2019,'1332991',1550,,28,39,,,0
2019,'1333028',850,,29,39,,,0
2019,'1333064',1950,,30,39,,,0
2019,'1333090',1850,,31,39,,,0
2019,'1333152',1650,,32,39,,,0
2019,'1333230',1350,,33,39,,,0
2019,'1333329',950,,34,39,,,0
2019,'1333331',1750,,35,39,,,0
2019,'1333332',1350,,36,39,,,0
2019,'1333378',2250,,37,39,,,0
2019,'1333393',1550,,38,39,,,0
2019,'1333414',1750,,39,39,,,0
2019,'1333424',1950,,40,39,,,0
