2019,'1332928',950,,22,38,,,0
2019,'1332949',750,,23,38,,,0
2019,'1332954',1150,,24,38,,,0
2019,'1332961',1150,,25,38,,,0
2019,'1332971',2150,,26,38,,,0
2019,'1332988',2050,,27,38,,,0
2019,'1332991',1550,,28,38,,,0
2019,'1333028',850,,29,38,,,0
2019,'1333064',1950,,30,38,,,0
2019,'1333090',1850,,31,38,,,0
2019,'1333152',1650,,32,38,,,0
2019,'1333230',1350,,33,38,,,0
2019,'1333329',950,,34,38,,,0
2019,'1333331',1750,,35,38,,,0
2019,'1333332',1350,,36,38,,,0
2019,'1333378',2250,,37,38,,,0
2019,'1333393',1550,,38,38,,,0
2019,'1333414',1750,,39,38,,,0
2019,'1333424',1950,,40,38,,,0
