2019,'1332928',920,,22,15,,,0
2019,'1332949',720,,23,15,,,0
2019,'1332954',1120,,24,15,,,0
2019,'1332961',1120,,25,15,,,0
2019,'1332971',2120,,26,15,,,0
2019,'1332988',2020,,27,15,,,0
2019,'1332991',1520,,28,15,,,0
2019,'1333028',820,,29,15,,,0
2019,'1333064',1920,,30,15,,,0
2019,'1333090',1820,,31,15,,,0
2019,'1333152',1620,,32,15,,,0
2019,'1333230',1320,,33,15,,,0
2019,'1333329',920,,34,15,,,0
2019,'1333331',1720,,35,15,,,0
2019,'1333332',1320,,36,15,,,0
2019,'1333378',2220,,37,15,,,0
2019,'1333393',1520,,38,15,,,0
2019,'1333414',1720,,39,15,,,0
2019,'1333424',1920,,40,15,,,0
