1019,'1473309',618,,41,21,0,5,0
1019,'1473310',718,,42,21,0,5,0
1019,'1473311',818,,43,21,0,5,0
1019,'1473312',918,,44,21,0,5,0
1019,'1473313',1018,,45,21,0,5,0
1019,'1473314',1218,,46,21,0,5,0
1019,'1473315',1418,,47,21,0,5,0
1019,'1473316',1518,,48,21,0,5,0
1019,'1473317',1618,,49,21,0,5,0
1019,'1473318',1718,,50,21,0,5,0
1019,'1473319',1818,,51,21,0,5,0
1019,'1473320',1918,,52,21,0,5,0
1019,'1473321',2118,,53,21,0,5,0
1019,'1473322',818,,54,21,0,5,0
1019,'1473323',1018,,55,21,0,5,0
1019,'1473324',1218,,56,21,0,5,0
1019,'1473325',1418,,57,21,0,5,0
1019,'1473326',1618,,58,21,0,5,0
1019,'1473327',1818,,59,21,0,5,0
1019,'1473328',2018,,60,21,0,5,0
1019,'1473329',2218,,61,21,0,5,0
