2019,'1332928',944,,22,32,,,0
2019,'1332949',744,,23,32,,,0
2019,'1332954',1144,,24,32,,,0
2019,'1332961',1144,,25,32,,,0
2019,'1332971',2144,,26,32,,,0
2019,'1332988',2044,,27,32,,,0
2019,'1332991',1544,,28,32,,,0
2019,'1333028',844,,29,32,,,0
2019,'1333064',1944,,30,32,,,0
2019,'1333090',1844,,31,32,,,0
2019,'1333152',1644,,32,32,,,0
2019,'1333230',1344,,33,32,,,0
2019,'1333329',944,,34,32,,,0
2019,'1333331',1744,,35,32,,,0
2019,'1333332',1344,,36,32,,,0
2019,'1333378',2244,,37,32,,,0
2019,'1333393',1544,,38,32,,,0
2019,'1333414',1744,,39,32,,,0
2019,'1333424',1944,,40,32,,,0
