1019,'1473309',620,,41,23,0,5,0
1019,'1473310',720,,42,23,0,5,0
1019,'1473311',820,,43,23,0,5,0
1019,'1473312',920,,44,23,0,5,0
1019,'1473313',1020,,45,23,0,5,0
1019,'1473314',1220,,46,23,0,5,0
1019,'1473315',1420,,47,23,0,5,0
1019,'1473316',1520,,48,23,0,5,0
1019,'1473317',1620,,49,23,0,5,0
1019,'1473318',1720,,50,23,0,5,0
1019,'1473319',1820,,51,23,0,5,0
1019,'1473320',1920,,52,23,0,5,0
1019,'1473321',2120,,53,23,0,5,0
1019,'1473322',820,,54,23,0,5,0
1019,'1473323',1020,,55,23,0,5,0
1019,'1473324',1220,,56,23,0,5,0
1019,'1473325',1420,,57,23,0,5,0
1019,'1473326',1620,,58,23,0,5,0
1019,'1473327',1820,,59,23,0,5,0
1019,'1473328',2020,,60,23,0,5,0
1019,'1473329',2220,,61,23,0,5,0
