1019,'1473309',610,,41,11,0,5,0
1019,'1473310',710,,42,11,0,5,0
1019,'1473311',810,,43,11,0,5,0
1019,'1473312',910,,44,11,0,5,0
1019,'1473313',1010,,45,11,0,5,0
1019,'1473314',1210,,46,11,0,5,0
1019,'1473315',1410,,47,11,0,5,0
1019,'1473316',1510,,48,11,0,5,0
1019,'1473317',1610,,49,11,0,5,0
1019,'1473318',1710,,50,11,0,5,0
1019,'1473319',1810,,51,11,0,5,0
1019,'1473320',1910,,52,11,0,5,0
1019,'1473321',2110,,53,11,0,5,0
1019,'1473322',810,,54,11,0,5,0
1019,'1473323',1010,,55,11,0,5,0
1019,'1473324',1210,,56,11,0,5,0
1019,'1473325',1410,,57,11,0,5,0
1019,'1473326',1610,,58,11,0,5,0
1019,'1473327',1810,,59,11,0,5,0
1019,'1473328',2010,,60,11,0,5,0
1019,'1473329',2210,,61,11,0,5,0
