2019,'1332928',953,,22,41,,,0
2019,'1332949',753,,23,41,,,0
2019,'1332954',1153,,24,41,,,0
2019,'1332961',1153,,25,41,,,0
2019,'1332971',2153,,26,41,,,0
2019,'1332988',2053,,27,41,,,0
2019,'1332991',1553,,28,41,,,0
2019,'1333028',853,,29,41,,,0
2019,'1333064',1953,,30,41,,,0
2019,'1333090',1853,,31,41,,,0
2019,'1333152',1653,,32,41,,,0
2019,'1333230',1353,,33,41,,,0
2019,'1333329',953,,34,41,,,0
2019,'1333331',1753,,35,41,,,0
2019,'1333332',1353,,36,41,,,0
2019,'1333378',2253,,37,41,,,0
2019,'1333393',1553,,38,41,,,0
2019,'1333414',1753,,39,41,,,0
2019,'1333424',1953,,40,41,,,0
