1019,'1473309',628,,41,29,0,5,0
1019,'1473310',728,,42,29,0,5,0
1019,'1473311',828,,43,29,0,5,0
1019,'1473312',928,,44,29,0,5,0
1019,'1473313',1028,,45,29,0,5,0
1019,'1473314',1228,,46,29,0,5,0
1019,'1473315',1428,,47,29,0,5,0
1019,'1473316',1528,,48,29,0,5,0
1019,'1473317',1628,,49,29,0,5,0
1019,'1473318',1728,,50,29,0,5,0
1019,'1473319',1828,,51,29,0,5,0
1019,'1473320',1928,,52,29,0,5,0
1019,'1473321',2128,,53,29,0,5,0
1019,'1473322',828,,54,29,0,5,0
1019,'1473323',1028,,55,29,0,5,0
1019,'1473324',1228,,56,29,0,5,0
1019,'1473325',1428,,57,29,0,5,0
1019,'1473326',1628,,58,29,0,5,0
1019,'1473327',1828,,59,29,0,5,0
1019,'1473328',2028,,60,29,0,5,0
1019,'1473329',2228,,61,29,0,5,0
