1019,'1473984',615,,1,15,0,5,0
1019,'1473985',715,,2,15,0,5,0
1019,'1473986',815,,3,15,0,5,0
1019,'1473987',915,,4,15,0,5,0
1019,'1473988',1015,,5,15,0,5,0
1019,'1473989',1215,,6,15,0,5,0
1019,'1473990',1415,,7,15,0,5,0
1019,'1473991',1515,,8,15,0,5,0
1019,'1473992',1615,,9,15,0,5,0
1019,'1473993',1715,,10,15,0,5,0
1019,'1473994',1815,,11,15,0,5,0
1019,'1473995',1915,,12,15,0,5,0
1019,'1473996',2115,,13,15,0,5,0
1019,'1473997',815,,14,15,0,5,0
1019,'1473998',1015,,15,15,0,5,0
1019,'1473999',1215,,16,15,0,5,0
1019,'1474000',1415,,17,15,0,5,0
1019,'1474001',1615,,18,15,0,5,0
1019,'1474002',1815,,19,15,0,5,0
1019,'1474003',2015,,20,15,0,5,0
1019,'1474004',2215,,21,15,0,5,0
