1019,'1473309',616,,41,19,0,5,0
1019,'1473310',716,,42,19,0,5,0
1019,'1473311',816,,43,19,0,5,0
1019,'1473312',916,,44,19,0,5,0
1019,'1473313',1016,,45,19,0,5,0
1019,'1473314',1216,,46,19,0,5,0
1019,'1473315',1416,,47,19,0,5,0
1019,'1473316',1516,,48,19,0,5,0
1019,'1473317',1616,,49,19,0,5,0
1019,'1473318',1716,,50,19,0,5,0
1019,'1473319',1816,,51,19,0,5,0
1019,'1473320',1916,,52,19,0,5,0
1019,'1473321',2116,,53,19,0,5,0
1019,'1473322',816,,54,19,0,5,0
1019,'1473323',1016,,55,19,0,5,0
1019,'1473324',1216,,56,19,0,5,0
1019,'1473325',1416,,57,19,0,5,0
1019,'1473326',1616,,58,19,0,5,0
1019,'1473327',1816,,59,19,0,5,0
1019,'1473328',2016,,60,19,0,5,0
1019,'1473329',2216,,61,19,0,5,0
