1019,'1473309',613,,41,14,0,5,0
1019,'1473310',713,,42,14,0,5,0
1019,'1473311',813,,43,14,0,5,0
1019,'1473312',913,,44,14,0,5,0
1019,'1473313',1013,,45,14,0,5,0
1019,'1473314',1213,,46,14,0,5,0
1019,'1473315',1413,,47,14,0,5,0
1019,'1473316',1513,,48,14,0,5,0
1019,'1473317',1613,,49,14,0,5,0
1019,'1473318',1713,,50,14,0,5,0
1019,'1473319',1813,,51,14,0,5,0
1019,'1473320',1913,,52,14,0,5,0
1019,'1473321',2113,,53,14,0,5,0
1019,'1473322',813,,54,14,0,5,0
1019,'1473323',1013,,55,14,0,5,0
1019,'1473324',1213,,56,14,0,5,0
1019,'1473325',1413,,57,14,0,5,0
1019,'1473326',1613,,58,14,0,5,0
1019,'1473327',1813,,59,14,0,5,0
1019,'1473328',2013,,60,14,0,5,0
1019,'1473329',2213,,61,14,0,5,0
