2019,'1332928',1000,,22,46,4,,0
2019,'1332949',800,,23,46,4,,0
2019,'1332954',1200,,24,46,4,,0
2019,'1332961',1200,,25,46,4,,0
2019,'1332971',2200,,26,46,4,,0
2019,'1332988',2100,,27,46,4,,0
2019,'1332991',1600,,28,46,4,,0
2019,'1333028',900,,29,46,4,,0
2019,'1333064',2000,,30,46,4,,0
2019,'1333090',1900,,31,46,4,,0
2019,'1333152',1700,,32,46,4,,0
2019,'1333230',1400,,33,46,4,,0
2019,'1333329',1000,,34,46,4,,0
2019,'1333331',1800,,35,46,4,,0
2019,'1333332',1400,,36,46,4,,0
2019,'1333378',2300,,37,46,4,,0
2019,'1333393',1600,,38,46,4,,0
2019,'1333414',1800,,39,46,4,,0
2019,'1333424',2000,,40,46,4,,0
