1019,'1473309',606,,41,7,0,5,0
1019,'1473310',706,,42,7,0,5,0
1019,'1473311',806,,43,7,0,5,0
1019,'1473312',906,,44,7,0,5,0
1019,'1473313',1006,,45,7,0,5,0
1019,'1473314',1206,,46,7,0,5,0
1019,'1473315',1406,,47,7,0,5,0
1019,'1473316',1506,,48,7,0,5,0
1019,'1473317',1606,,49,7,0,5,0
1019,'1473318',1706,,50,7,0,5,0
1019,'1473319',1806,,51,7,0,5,0
1019,'1473320',1906,,52,7,0,5,0
1019,'1473321',2106,,53,7,0,5,0
1019,'1473322',806,,54,7,0,5,0
1019,'1473323',1006,,55,7,0,5,0
1019,'1473324',1206,,56,7,0,5,0
1019,'1473325',1406,,57,7,0,5,0
1019,'1473326',1606,,58,7,0,5,0
1019,'1473327',1806,,59,7,0,5,0
1019,'1473328',2006,,60,7,0,5,0
1019,'1473329',2206,,61,7,0,5,0
