1019,'1473309',648,,41,40,,,0
1019,'1473310',748,,42,40,,,0
1019,'1473311',848,,43,40,,,0
1019,'1473312',948,,44,40,,,0
1019,'1473313',1048,,45,40,,,0
1019,'1473314',1248,,46,40,,,0
1019,'1473315',1448,,47,40,,,0
1019,'1473316',1548,,48,40,,,0
1019,'1473317',1648,,49,40,,,0
1019,'1473318',1748,,50,40,,,0
1019,'1473319',1848,,51,40,,,0
1019,'1473320',1948,,52,40,,,0
1019,'1473321',2148,,53,40,,,0
1019,'1473322',848,,54,40,,,0
1019,'1473323',1048,,55,40,,,0
1019,'1473324',1248,,56,40,,,0
1019,'1473325',1448,,57,40,,,0
1019,'1473326',1648,,58,40,,,0
1019,'1473327',1848,,59,40,,,0
1019,'1473328',2048,,60,40,,,0
1019,'1473329',2248,,61,40,,,0
