2019,'1332928',955,,22,44,,,0
2019,'1332949',755,,23,44,,,0
2019,'1332954',1155,,24,44,,,0
2019,'1332961',1155,,25,44,,,0
2019,'1332971',2155,,26,44,,,0
2019,'1332988',2055,,27,44,,,0
2019,'1332991',1555,,28,44,,,0
2019,'1333028',855,,29,44,,,0
2019,'1333064',1955,,30,44,,,0
2019,'1333090',1855,,31,44,,,0
2019,'1333152',1655,,32,44,,,0
2019,'1333230',1355,,33,44,,,0
2019,'1333329',955,,34,44,,,0
2019,'1333331',1755,,35,44,,,0
2019,'1333332',1355,,36,44,,,0
2019,'1333378',2255,,37,44,,,0
2019,'1333393',1555,,38,44,,,0
2019,'1333414',1755,,39,44,,,0
2019,'1333424',1955,,40,44,,,0
