1019,110,1,0,0
1019,111,2,0,0
1019,112,3,0,0
1019,113,4,0,0
1019,114,5,0,0
1019,115,6,0,0
1019,116,7,0,0
1019,117,8,0,0
1019,118,9,0,0
1019,119,10,0,0
1019,120,11,0,0
1019,121,12,0,0
1019,122,13,0,0
1019,123,14,0,0
1019,125,15,0,0
1019,126,16,0,0
1019,127,17,0,0
1019,128,18,0,0
1019,129,19,0,0
1019,130,20,0,0
1019,131,21,0,0
1019,132,22,0,0
1019,133,23,0,0
1019,134,24,0,0
1019,135,25,0,0
1019,136,26,0,0
1019,137,27,0,0
1019,138,28,0,0
1019,139,29,0,0
1019,140,30,0,0
1019,141,31,0,0
1019,142,32,0,0
1019,143,33,0,0
1019,144,34,0,0
1019,145,35,0,0
1019,146,36,0,0
1019,149,37,0,0
1019,150,38,0,0
1019,151,39,0,0
1019,152,40,0,0
1019,153,41,0,0
1019,154,42,0,0
1019,155,43,0,0
1019,156,44,0,0
1019,157,45,0,0
1019,158,46,0,0
1019,159,47,0,0
1019,160,48,0,0
1019,161,49,1,1
2019,210,1,0,0
2019,211,2,0,0
2019,212,3,0,0
2019,213,4,0,0
2019,214,5,0,0
2019,215,6,0,0
2019,216,7,0,0
2019,217,8,0,0
2019,218,9,0,0
2019,219,10,0,0
2019,220,11,0,0
2019,221,12,0,0
2019,222,13,0,0
2019,223,14,0,0
2019,224,15,0,0
2019,257,16,0,0
2019,225,17,0,0
2019,226,18,0,0
2019,227,19,0,0
2019,228,20,0,0
2019,230,21,0,0
2019,231,22,0,0
2019,232,23,0,0
2019,233,24,0,0
2019,234,25,0,0
2019,235,26,0,0
2019,236,27,0,0
2019,237,28,0,0
2019,238,29,0,0
2019,239,30,0,0
2019,240,31,0,0
2019,241,32,0,0
2019,242,33,0,0
2019,244,34,0,0
2019,245,35,0,0
2019,246,36,0,0
2019,247,37,0,0
2019,248,38,0,0
2019,249,39,0,0
2019,250,40,0,0
2019,251,41,0,0
2019,252,42,0,0
2019,253,43,0,0
2019,254,44,0,0
2019,255,45,0,0
2019,256,46,1,1
