1019,'1473309',604,,41,4,0,5,0
1019,'1473310',704,,42,4,0,5,0
1019,'1473311',804,,43,4,0,5,0
1019,'1473312',904,,44,4,0,5,0
1019,'1473313',1004,,45,4,0,5,0
1019,'1473314',1204,,46,4,0,5,0
1019,'1473315',1404,,47,4,0,5,0
1019,'1473316',1504,,48,4,0,5,0
1019,'1473317',1604,,49,4,0,5,0
1019,'1473318',1704,,50,4,0,5,0
1019,'1473319',1804,,51,4,0,5,0
1019,'1473320',1904,,52,4,0,5,0
1019,'1473321',2104,,53,4,0,5,0
1019,'1473322',804,,54,4,0,5,0
1019,'1473323',1004,,55,4,0,5,0
1019,'1473324',1204,,56,4,0,5,0
1019,'1473325',1404,,57,4,0,5,0
1019,'1473326',1604,,58,4,0,5,0
1019,'1473327',1804,,59,4,0,5,0
1019,'1473328',2004,,60,4,0,5,0
1019,'1473329',2204,,61,4,0,5,0
