1019,'1473309',700,,41,49,4,,0
1019,'1473310',800,,42,49,4,,0
1019,'1473311',900,,43,49,4,,0
1019,'1473312',1000,,44,49,4,,0
1019,'1473313',1100,,45,49,4,,0
1019,'1473314',1300,,46,49,4,,0
1019,'1473315',1500,,47,49,4,,0
1019,'1473316',1600,,48,49,4,,0
1019,'1473317',1700,,49,49,4,,0
1019,'1473318',1800,,50,49,4,,0
1019,'1473319',1900,,51,49,4,,0
1019,'1473320',2000,,52,49,4,,0
1019,'1473321',2200,,53,49,4,,0
1019,'1473322',900,,54,49,4,,0
1019,'1473323',1100,,55,49,4,,0
1019,'1473324',1300,,56,49,4,,0
1019,'1473325',1500,,57,49,4,,0
1019,'1473326',1700,,58,49,4,,0
1019,'1473327',1900,,59,49,4,,0
1019,'1473328',2100,,60,49,4,,0
1019,'1473329',2300,,61,49,4,,0
