2019,'1332928',956,,22,45,,,0
2019,'1332949',756,,23,45,,,0
2019,'1332954',1156,,24,45,,,0
2019,'1332961',1156,,25,45,,,0
2019,'1332971',2156,,26,45,,,0
2019,'1332988',2056,,27,45,,,0
2019,'1332991',1556,,28,45,,,0
2019,'1333028',856,,29,45,,,0
2019,'1333064',1956,,30,45,,,0
2019,'1333090',1856,,31,45,,,0
2019,'1333152',1656,,32,45,,,0
2019,'1333230',1356,,33,45,,,0
2019,'1333329',956,,34,45,,,0
2019,'1333331',1756,,35,45,,,0
2019,'1333332',1356,,36,45,,,0
2019,'1333378',2256,,37,45,,,0
2019,'1333393',1556,,38,45,,,0
2019,'1333414',1756,,39,45,,,0
2019,'1333424',1956,,40,45,,,0
