2019,'1332928',924,,22,18,,,0
2019,'1332949',724,,23,18,,,0
2019,'1332954',1124,,24,18,,,0
2019,'1332961',1124,,25,18,,,0
2019,'1332971',2124,,26,18,,,0
2019,'1332988',2024,,27,18,,,0
2019,'1332991',1524,,28,18,,,0
2019,'1333028',824,,29,18,,,0
2019,'1333064',1924,,30,18,,,0
2019,'1333090',1824,,31,18,,,0
2019,'1333152',1624,,32,18,,,0
2019,'1333230',1324,,33,18,,,0
2019,'1333329',924,,34,18,,,0
2019,'1333331',1724,,35,18,,,0
2019,'1333332',1324,,36,18,,,0
2019,'1333378',2224,,37,18,,,0
2019,'1333393',1524,,38,18,,,0
2019,'1333414',1724,,39,18,,,0
2019,'1333424',1924,,40,18,,,0
