1019,'1473309',615,,41,17,0,5,0
1019,'1473310',715,,42,17,0,5,0
1019,'1473311',815,,43,17,0,5,0
1019,'1473312',915,,44,17,0,5,0
1019,'1473313',1015,,45,17,0,5,0
1019,'1473314',1215,,46,17,0,5,0
1019,'1473315',1415,,47,17,0,5,0
1019,'1473316',1515,,48,17,0,5,0
1019,'1473317',1615,,49,17,0,5,0
1019,'1473318',1715,,50,17,0,5,0
1019,'1473319',1815,,51,17,0,5,0
1019,'1473320',1915,,52,17,0,5,0
1019,'1473321',2115,,53,17,0,5,0
1019,'1473322',815,,54,17,0,5,0
1019,'1473323',1015,,55,17,0,5,0
1019,'1473324',1215,,56,17,0,5,0
1019,'1473325',1415,,57,17,0,5,0
1019,'1473326',1615,,58,17,0,5,0
1019,'1473327',1815,,59,17,0,5,0
1019,'1473328',2015,,60,17,0,5,0
1019,'1473329',2215,,61,17,0,5,0
