1019,'1473309',650,,41,41,,,0
1019,'1473310',750,,42,41,,,0
1019,'1473311',850,,43,41,,,0
1019,'1473312',950,,44,41,,,0
1019,'1473313',1050,,45,41,,,0
1019,'1473314',1250,,46,41,,,0
1019,'1473315',1450,,47,41,,,0
1019,'1473316',1550,,48,41,,,0
1019,'1473317',1650,,49,41,,,0
1019,'1473318',1750,,50,41,,,0
1019,'1473319',1850,,51,41,,,0
1019,'1473320',1950,,52,41,,,0
1019,'1473321',2150,,53,41,,,0
1019,'1473322',850,,54,41,,,0
1019,'1473323',1050,,55,41,,,0
1019,'1473324',1250,,56,41,,,0
1019,'1473325',1450,,57,41,,,0
1019,'1473326',1650,,58,41,,,0
1019,'1473327',1850,,59,41,,,0
1019,'1473328',2050,,60,41,,,0
1019,'1473329',2250,,61,41,,,0
