1019,'1473309',620,,41,22,0,5,0
1019,'1473310',720,,42,22,0,5,0
1019,'1473311',820,,43,22,0,5,0
1019,'1473312',920,,44,22,0,5,0
1019,'1473313',1020,,45,22,0,5,0
1019,'1473314',1220,,46,22,0,5,0
1019,'1473315',1420,,47,22,0,5,0
1019,'1473316',1520,,48,22,0,5,0
1019,'1473317',1620,,49,22,0,5,0
1019,'1473318',1720,,50,22,0,5,0
1019,'1473319',1820,,51,22,0,5,0
1019,'1473320',1920,,52,22,0,5,0
1019,'1473321',2120,,53,22,0,5,0
1019,'1473322',820,,54,22,0,5,0
1019,'1473323',1020,,55,22,0,5,0
1019,'1473324',1220,,56,22,0,5,0
1019,'1473325',1420,,57,22,0,5,0
1019,'1473326',1620,,58,22,0,5,0
1019,'1473327',1820,,59,22,0,5,0
1019,'1473328',2020,,60,22,0,5,0
1019,'1473329',2220,,61,22,0,5,0
