2019,'1332928',916,,22,14,,,0
2019,'1332949',716,,23,14,,,0
2019,'1332954',1116,,24,14,,,0
2019,'1332961',1116,,25,14,,,0
2019,'1332971',2116,,26,14,,,0
2019,'1332988',2016,,27,14,,,0
2019,'1332991',1516,,28,14,,,0
2019,'1333028',816,,29,14,,,0
2019,'1333064',1916,,30,14,,,0
2019,'1333090',1816,,31,14,,,0
2019,'1333152',1616,,32,14,,,0
2019,'1333230',1316,,33,14,,,0
2019,'1333329',916,,34,14,,,0
2019,'1333331',1716,,35,14,,,0
2019,'1333332',1316,,36,14,,,0
2019,'1333378',2216,,37,14,,,0
2019,'1333393',1516,,38,14,,,0
2019,'1333414',1716,,39,14,,,0
2019,'1333424',1916,,40,14,,,0
