2019,'1332928',948,,22,34,,,0
2019,'1332949',748,,23,34,,,0
2019,'1332954',1148,,24,34,,,0
2019,'1332961',1148,,25,34,,,0
2019,'1332971',2148,,26,34,,,0
2019,'1332988',2048,,27,34,,,0
2019,'1332991',1548,,28,34,,,0
2019,'1333028',848,,29,34,,,0
2019,'1333064',1948,,30,34,,,0
2019,'1333090',1848,,31,34,,,0
2019,'1333152',1648,,32,34,,,0
2019,'1333230',1348,,33,34,,,0
2019,'1333329',948,,34,34,,,0
2019,'1333331',1748,,35,34,,,0
2019,'1333332',1348,,36,34,,,0
2019,'1333378',2248,,37,34,,,0
2019,'1333393',1548,,38,34,,,0
2019,'1333414',1748,,39,34,,,0
2019,'1333424',1948,,40,34,,,0
