1019,'1473309',600,,41,1,0,5,0
1019,'1473310',700,,42,1,0,5,0
1019,'1473311',800,,43,1,0,5,0
1019,'1473312',900,,44,1,0,5,0
1019,'1473313',1000,,45,1,0,5,0
1019,'1473314',1200,,46,1,0,5,0
1019,'1473315',1400,,47,1,0,5,0
1019,'1473316',1500,,48,1,0,5,0
1019,'1473317',1600,,49,1,0,5,0
1019,'1473318',1700,,50,1,0,5,0
1019,'1473319',1800,,51,1,0,5,0
1019,'1473320',1900,,52,1,0,5,0
1019,'1473321',2100,,53,1,0,5,0
1019,'1473322',800,,54,1,0,5,0
1019,'1473323',1000,,55,1,0,5,0
1019,'1473324',1200,,56,1,0,5,0
1019,'1473325',1400,,57,1,0,5,0
1019,'1473326',1600,,58,1,0,5,0
1019,'1473327',1800,,59,1,0,5,0
1019,'1473328',2000,,60,1,0,5,0
1019,'1473329',2200,,61,1,0,5,0
