2019,'1332928',943,,22,28,,,0
2019,'1332949',743,,23,28,,,0
2019,'1332954',1143,,24,28,,,0
2019,'1332961',1143,,25,28,,,0
2019,'1332971',2143,,26,28,,,0
2019,'1332988',2043,,27,28,,,0
2019,'1332991',1543,,28,28,,,0
2019,'1333028',843,,29,28,,,0
2019,'1333064',1943,,30,28,,,0
2019,'1333090',1843,,31,28,,,0
2019,'1333152',1643,,32,28,,,0
2019,'1333230',1343,,33,28,,,0
2019,'1333329',943,,34,28,,,0
2019,'1333331',1743,,35,28,,,0
2019,'1333332',1343,,36,28,,,0
2019,'1333378',2243,,37,28,,,0
2019,'1333393',1543,,38,28,,,0
2019,'1333414',1743,,39,28,,,0
2019,'1333424',1943,,40,28,,,0
