2019,'1332928',931,,22,23,,,0
2019,'1332949',731,,23,23,,,0
2019,'1332954',1131,,24,23,,,0
2019,'1332961',1131,,25,23,,,0
2019,'1332971',2131,,26,23,,,0
2019,'1332988',2031,,27,23,,,0
2019,'1332991',1531,,28,23,,,0
2019,'1333028',831,,29,23,,,0
2019,'1333064',1931,,30,23,,,0
2019,'1333090',1831,,31,23,,,0
2019,'1333152',1631,,32,23,,,0
2019,'1333230',1331,,33,23,,,0
2019,'1333329',931,,34,23,,,0
2019,'1333331',1731,,35,23,,,0
2019,'1333332',1331,,36,23,,,0
2019,'1333378',2231,,37,23,,,0
2019,'1333393',1531,,38,23,,,0
2019,'1333414',1731,,39,23,,,0
2019,'1333424',1931,,40,23,,,0
