2019,'1332928',945,,22,33,,,0
2019,'1332949',745,,23,33,,,0
2019,'1332954',1145,,24,33,,,0
2019,'1332961',1145,,25,33,,,0
2019,'1332971',2145,,26,33,,,0
2019,'1332988',2045,,27,33,,,0
2019,'1332991',1545,,28,33,,,0
2019,'1333028',845,,29,33,,,0
2019,'1333064',1945,,30,33,,,0
2019,'1333090',1845,,31,33,,,0
2019,'1333152',1645,,32,33,,,0
2019,'1333230',1345,,33,33,,,0
2019,'1333329',945,,34,33,,,0
2019,'1333331',1745,,35,33,,,0
2019,'1333332',1345,,36,33,,,0
2019,'1333378',2245,,37,33,,,0
2019,'1333393',1545,,38,33,,,0
2019,'1333414',1745,,39,33,,,0
2019,'1333424',1945,,40,33,,,0
