1019,'1473309',657,,41,47,,,0
1019,'1473310',757,,42,47,,,0
1019,'1473311',857,,43,47,,,0
1019,'1473312',957,,44,47,,,0
1019,'1473313',1057,,45,47,,,0
1019,'1473314',1257,,46,47,,,0
1019,'1473315',1457,,47,47,,,0
1019,'1473316',1557,,48,47,,,0
1019,'1473317',1657,,49,47,,,0
1019,'1473318',1757,,50,47,,,0
1019,'1473319',1857,,51,47,,,0
1019,'1473320',1957,,52,47,,,0
1019,'1473321',2157,,53,47,,,0
1019,'1473322',857,,54,47,,,0
1019,'1473323',1057,,55,47,,,0
1019,'1473324',1257,,56,47,,,0
1019,'1473325',1457,,57,47,,,0
1019,'1473326',1657,,58,47,,,0
1019,'1473327',1857,,59,47,,,0
1019,'1473328',2057,,60,47,,,0
1019,'1473329',2257,,61,47,,,0
