2019,'1332928',915,,22,13,,,0
2019,'1332949',715,,23,13,,,0
2019,'1332954',1115,,24,13,,,0
2019,'1332961',1115,,25,13,,,0
2019,'1332971',2115,,26,13,,,0
2019,'1332988',2015,,27,13,,,0
2019,'1332991',1515,,28,13,,,0
2019,'1333028',815,,29,13,,,0
2019,'1333064',1915,,30,13,,,0
2019,'1333090',1815,,31,13,,,0
2019,'1333152',1615,,32,13,,,0
2019,'1333230',1315,,33,13,,,0
2019,'1333329',915,,34,13,,,0
2019,'1333331',1715,,35,13,,,0
2019,'1333332',1315,,36,13,,,0
2019,'1333378',2215,,37,13,,,0
2019,'1333393',1515,,38,13,,,0
2019,'1333414',1715,,39,13,,,0
2019,'1333424',1915,,40,13,,,0
