1019,'1473309',626,,41,26,0,5,0
1019,'1473310',726,,42,26,0,5,0
1019,'1473311',826,,43,26,0,5,0
1019,'1473312',926,,44,26,0,5,0
1019,'1473313',1026,,45,26,0,5,0
1019,'1473314',1226,,46,26,0,5,0
1019,'1473315',1426,,47,26,0,5,0
1019,'1473316',1526,,48,26,0,5,0
1019,'1473317',1626,,49,26,0,5,0
1019,'1473318',1726,,50,26,0,5,0
1019,'1473319',1826,,51,26,0,5,0
1019,'1473320',1926,,52,26,0,5,0
1019,'1473321',2126,,53,26,0,5,0
1019,'1473322',826,,54,26,0,5,0
1019,'1473323',1026,,55,26,0,5,0
1019,'1473324',1226,,56,26,0,5,0
1019,'1473325',1426,,57,26,0,5,0
1019,'1473326',1626,,58,26,0,5,0
1019,'1473327',1826,,59,26,0,5,0
1019,'1473328',2026,,60,26,0,5,0
1019,'1473329',2226,,61,26,0,5,0
