1019,'1473309',636,,41,34,0,5,0
1019,'1473310',736,,42,34,0,5,0
1019,'1473311',836,,43,34,0,5,0
1019,'1473312',936,,44,34,0,5,0
1019,'1473313',1036,,45,34,0,5,0
1019,'1473314',1236,,46,34,0,5,0
1019,'1473315',1436,,47,34,0,5,0
1019,'1473316',1536,,48,34,0,5,0
1019,'1473317',1636,,49,34,0,5,0
1019,'1473318',1736,,50,34,0,5,0
1019,'1473319',1836,,51,34,0,5,0
1019,'1473320',1936,,52,34,0,5,0
1019,'1473321',2136,,53,34,0,5,0
1019,'1473322',836,,54,34,0,5,0
1019,'1473323',1036,,55,34,0,5,0
1019,'1473324',1236,,56,34,0,5,0
1019,'1473325',1436,,57,34,0,5,0
1019,'1473326',1636,,58,34,0,5,0
1019,'1473327',1836,,59,34,0,5,0
1019,'1473328',2036,,60,34,0,5,0
1019,'1473329',2236,,61,34,0,5,0
