2019,'1332928',910,,22,9,,,0
2019,'1332949',710,,23,9,,,0
2019,'1332954',1110,,24,9,,,0
2019,'1332961',1110,,25,9,,,0
2019,'1332971',2110,,26,9,,,0
2019,'1332988',2010,,27,9,,,0
2019,'1332991',1510,,28,9,,,0
2019,'1333028',810,,29,9,,,0
2019,'1333064',1910,,30,9,,,0
2019,'1333090',1810,,31,9,,,0
2019,'1333152',1610,,32,9,,,0
2019,'1333230',1310,,33,9,,,0
2019,'1333329',910,,34,9,,,0
2019,'1333331',1710,,35,9,,,0
2019,'1333332',1310,,36,9,,,0
2019,'1333378',2210,,37,9,,,0
2019,'1333393',1510,,38,9,,,0
2019,'1333414',1710,,39,9,,,0
2019,'1333424',1910,,40,9,,,0
