1019,'1473309',611,,41,13,0,5,0
1019,'1473310',711,,42,13,0,5,0
1019,'1473311',811,,43,13,0,5,0
1019,'1473312',911,,44,13,0,5,0
1019,'1473313',1011,,45,13,0,5,0
1019,'1473314',1211,,46,13,0,5,0
1019,'1473315',1411,,47,13,0,5,0
1019,'1473316',1511,,48,13,0,5,0
1019,'1473317',1611,,49,13,0,5,0
1019,'1473318',1711,,50,13,0,5,0
1019,'1473319',1811,,51,13,0,5,0
1019,'1473320',1911,,52,13,0,5,0
1019,'1473321',2111,,53,13,0,5,0
1019,'1473322',811,,54,13,0,5,0
1019,'1473323',1011,,55,13,0,5,0
1019,'1473324',1211,,56,13,0,5,0
1019,'1473325',1411,,57,13,0,5,0
1019,'1473326',1611,,58,13,0,5,0
1019,'1473327',1811,,59,13,0,5,0
1019,'1473328',2011,,60,13,0,5,0
1019,'1473329',2211,,61,13,0,5,0
