2019,'1332928',955,,22,43,,,0
2019,'1332949',755,,23,43,,,0
2019,'1332954',1155,,24,43,,,0
2019,'1332961',1155,,25,43,,,0
2019,'1332971',2155,,26,43,,,0
2019,'1332988',2055,,27,43,,,0
2019,'1332991',1555,,28,43,,,0
2019,'1333028',855,,29,43,,,0
2019,'1333064',1955,,30,43,,,0
2019,'1333090',1855,,31,43,,,0
2019,'1333152',1655,,32,43,,,0
2019,'1333230',1355,,33,43,,,0
2019,'1333329',955,,34,43,,,0
2019,'1333331',1755,,35,43,,,0
2019,'1333332',1355,,36,43,,,0
2019,'1333378',2255,,37,43,,,0
2019,'1333393',1555,,38,43,,,0
2019,'1333414',1755,,39,43,,,0
2019,'1333424',1955,,40,43,,,0
