2019,'1332928',930,,22,22,,,0
2019,'1332949',730,,23,22,,,0
2019,'1332954',1130,,24,22,,,0
2019,'1332961',1130,,25,22,,,0
2019,'1332971',2130,,26,22,,,0
2019,'1332988',2030,,27,22,,,0
2019,'1332991',1530,,28,22,,,0
2019,'1333028',830,,29,22,,,0
2019,'1333064',1930,,30,22,,,0
2019,'1333090',1830,,31,22,,,0
2019,'1333152',1630,,32,22,,,0
2019,'1333230',1330,,33,22,,,0
2019,'1333329',930,,34,22,,,0
2019,'1333331',1730,,35,22,,,0
2019,'1333332',1330,,36,22,,,0
2019,'1333378',2230,,37,22,,,0
2019,'1333393',1530,,38,22,,,0
2019,'1333414',1730,,39,22,,,0
2019,'1333424',1930,,40,22,,,0
