2019,'1332928',949,,22,36,,,0
2019,'1332949',749,,23,36,,,0
2019,'1332954',1149,,24,36,,,0
2019,'1332961',1149,,25,36,,,0
2019,'1332971',2149,,26,36,,,0
2019,'1332988',2049,,27,36,,,0
2019,'1332991',1549,,28,36,,,0
2019,'1333028',849,,29,36,,,0
2019,'1333064',1949,,30,36,,,0
2019,'1333090',1849,,31,36,,,0
2019,'1333152',1649,,32,36,,,0
2019,'1333230',1349,,33,36,,,0
2019,'1333329',949,,34,36,,,0
2019,'1333331',1749,,35,36,,,0
2019,'1333332',1349,,36,36,,,0
2019,'1333378',2249,,37,36,,,0
2019,'1333393',1549,,38,36,,,0
2019,'1333414',1749,,39,36,,,0
2019,'1333424',1949,,40,36,,,0
