2019,'1332928',925,,22,19,,,0
2019,'1332949',725,,23,19,,,0
2019,'1332954',1125,,24,19,,,0
2019,'1332961',1125,,25,19,,,0
2019,'1332971',2125,,26,19,,,0
2019,'1332988',2025,,27,19,,,0
2019,'1332991',1525,,28,19,,,0
2019,'1333028',825,,29,19,,,0
2019,'1333064',1925,,30,19,,,0
2019,'1333090',1825,,31,19,,,0
2019,'1333152',1625,,32,19,,,0
2019,'1333230',1325,,33,19,,,0
2019,'1333329',925,,34,19,,,0
2019,'1333331',1725,,35,19,,,0
2019,'1333332',1325,,36,19,,,0
2019,'1333378',2225,,37,19,,,0
2019,'1333393',1525,,38,19,,,0
2019,'1333414',1725,,39,19,,,0
2019,'1333424',1925,,40,19,,,0
