1019,'1473309',643,,41,37,,,0
1019,'1473310',743,,42,37,,,0
1019,'1473311',843,,43,37,,,0
1019,'1473312',943,,44,37,,,0
1019,'1473313',1043,,45,37,,,0
1019,'1473314',1243,,46,37,,,0
1019,'1473315',1443,,47,37,,,0
1019,'1473316',1543,,48,37,,,0
1019,'1473317',1643,,49,37,,,0
1019,'1473318',1743,,50,37,,,0
1019,'1473319',1843,,51,37,,,0
1019,'1473320',1943,,52,37,,,0
1019,'1473321',2143,,53,37,,,0
1019,'1473322',843,,54,37,,,0
1019,'1473323',1043,,55,37,,,0
1019,'1473324',1243,,56,37,,,0
1019,'1473325',1443,,57,37,,,0
1019,'1473326',1643,,58,37,,,0
1019,'1473327',1843,,59,37,,,0
1019,'1473328',2043,,60,37,,,0
1019,'1473329',2243,,61,37,,,0
