1019,'1473309',641,,41,36,,,0
1019,'1473310',741,,42,36,,,0
1019,'1473311',841,,43,36,,,0
1019,'1473312',941,,44,36,,,0
1019,'1473313',1041,,45,36,,,0
1019,'1473314',1241,,46,36,,,0
1019,'1473315',1441,,47,36,,,0
1019,'1473316',1541,,48,36,,,0
1019,'1473317',1641,,49,36,,,0
1019,'1473318',1741,,50,36,,,0
1019,'1473319',1841,,51,36,,,0
1019,'1473320',1941,,52,36,,,0
1019,'1473321',2141,,53,36,,,0
1019,'1473322',841,,54,36,,,0
1019,'1473323',1041,,55,36,,,0
1019,'1473324',1241,,56,36,,,0
1019,'1473325',1441,,57,36,,,0
1019,'1473326',1641,,58,36,,,0
1019,'1473327',1841,,59,36,,,0
1019,'1473328',2041,,60,36,,,0
1019,'1473329',2241,,61,36,,,0
