2019,'1332928',944,,22,30,,,0
2019,'1332949',744,,23,30,,,0
2019,'1332954',1144,,24,30,,,0
2019,'1332961',1144,,25,30,,,0
2019,'1332971',2144,,26,30,,,0
2019,'1332988',2044,,27,30,,,0
2019,'1332991',1544,,28,30,,,0
2019,'1333028',844,,29,30,,,0
2019,'1333064',1944,,30,30,,,0
2019,'1333090',1844,,31,30,,,0
2019,'1333152',1644,,32,30,,,0
2019,'1333230',1344,,33,30,,,0
2019,'1333329',944,,34,30,,,0
2019,'1333331',1744,,35,30,,,0
2019,'1333332',1344,,36,30,,,0
2019,'1333378',2244,,37,30,,,0
2019,'1333393',1544,,38,30,,,0
2019,'1333414',1744,,39,30,,,0
2019,'1333424',1944,,40,30,,,0
