1019,'1473309',653,,41,43,,,0
1019,'1473310',753,,42,43,,,0
1019,'1473311',853,,43,43,,,0
1019,'1473312',953,,44,43,,,0
1019,'1473313',1053,,45,43,,,0
1019,'1473314',1253,,46,43,,,0
1019,'1473315',1453,,47,43,,,0
1019,'1473316',1553,,48,43,,,0
1019,'1473317',1653,,49,43,,,0
1019,'1473318',1753,,50,43,,,0
1019,'1473319',1853,,51,43,,,0
1019,'1473320',1953,,52,43,,,0
1019,'1473321',2153,,53,43,,,0
1019,'1473322',853,,54,43,,,0
1019,'1473323',1053,,55,43,,,0
1019,'1473324',1253,,56,43,,,0
1019,'1473325',1453,,57,43,,,0
1019,'1473326',1653,,58,43,,,0
1019,'1473327',1853,,59,43,,,0
1019,'1473328',2053,,60,43,,,0
1019,'1473329',2253,,61,43,,,0
