'1332928',20260930,1,20261001,1,20261002,1,20261005,1,20261006,1,20261007,1,20261008,1,20261009,1,20261012,1,20261013,1,20261014,1,20261015,1,20261016,1,20261019,1,20261020,1,20261021,1,20261022,1,20261023,1,20261026,1,20261027,1,20261028,1,20261029,1,20261030,1,20261102,1,20261103,1,20261104,1,20261105,1,20261106,1,20261109,1,20261110,1,20261111,1,20261112,1,20261113,1,20261116,1,20261117,1,20261118,1,20261119,1,20261120,1,20261123,1,20261124,1,20261125,1,20261126,1,20261127,1,20261130,1,20261201,1,20261202,1,20261203,1,20261204,1,20261207,1,20261208,1,20261209,1,20261210,1,20261211,1,20261214,1,20261215,1,20261216,1,20261217,1,20261218,1,20261221,1,20261222,1,20261223,1,20261224,1,20261225,1,20261228,1,20261229,1,20261230,1,20261231,1
'1332949',20260930,1,20261001,1,20261002,1,20261003,1,20261004,1,20261005,1,20261006,1,20261007,1,20261008,1,20261009,1,20261010,1,20261011,1,20261012,1,20261013,1,20261014,1,20261015,1,20261016,1,20261017,1,20261018,1,20261019,1,20261020,1,20261021,1,20261022,1,20261023,1,20261024,1,20261025,1,20261026,1,20261027,1,20261028,1,20261029,1,20261030,1,20261031,1,20261101,1,20261102,1,20261103,1,20261104,1,20261105,1,20261106,1,20261107,1,20261108,1,20261109,1,20261110,1,20261111,1,20261112,1,20261113,1,20261114,1,20261115,1,20261116,1,20261117,1,20261118,1,20261119,1,20261120,1,20261121,1,20261122,1,20261123,1,20261124,1,20261125,1,20261126,1,20261127,1,20261128,1,20261129,1,20261130,1,20261201,1,20261202,1,20261203,1,20261204,1,20261205,1,20261206,1,20261207,1,20261208,1,20261209,1,20261210,1,20261211,1,20261212,1,20261213,1,20261214,1,20261215,1,20261216,1,20261217,1,20261218,1,20261219,1,20261220,1,20261221,1,20261222,1,20261223,1,20261224,1,20261225,1,20261226,1,20261227,1,20261228,1,20261229,1,20261230,1,20261231,1
'1332954',20260930,1,20261001,1,20261002,1,20261005,1,20261006,1,20261007,1,20261008,1,20261009,1,20261012,1,20261013,1,20261014,1,20261015,1,20261016,1,20261019,1,20261020,1,20261021,1,20261022,1,20261023,1,20261026,1,20261027,1,20261028,1,20261029,1,20261030,1,20261102,1,20261103,1,20261104,1,20261105,1,20261106,1,20261109,1,20261110,1,20261111,1,20261112,1,20261113,1,20261116,1,20261117,1,20261118,1,20261119,1,20261120,1,20261123,1,20261124,1,20261125,1,20261126,1,20261127,1,20261130,1,20261201,1,20261202,1,20261203,1,20261204,1,20261207,1,20261208,1,20261209,1,20261210,1,20261211,1,20261214,1,20261215,1,20261216,1,20261217,1,20261218,1,20261221,1,20261222,1,20261223,1,20261224,1,20261225,1,20261228,1,20261229,1,20261230,1,20261231,1
'1332961',20261003,1,20261004,1,20261010,1,20261011,1,20261017,1,20261018,1,20261024,1,20261025,1,20261031,1,20261101,1,20261107,1,20261108,1,20261114,1,20261115,1,20261121,1,20261122,1,20261128,1,20261129,1,20261205,1,20261206,1,20261212,1,20261213,1,20261219,1,20261220,1,20261226,1,20261227,1
'1332971',20261003,1,20261004,1,20261010,1,20261011,1,20261017,1,20261018,1,20261024,1,20261025,1,20261031,1,20261101,1,20261107,1,20261108,1,20261114,1,20261115,1,20261121,1,20261122,1,20261128,1,20261129,1,20261205,1,20261206,1,20261212,1,20261213,1,20261219,1,20261220,1,20261226,1,20261227,1
'1332988',20260930,1,20261001,1,20261002,1,20261005,1,20261006,1,20261007,1,20261008,1,20261009,1,20261012,1,20261013,1,20261014,1,20261015,1,20261016,1,20261019,1,20261020,1,20261021,1,20261022,1,20261023,1,20261026,1,20261027,1,20261028,1,20261029,1,20261030,1,20261102,1,20261103,1,20261104,1,20261105,1,20261106,1,20261109,1,20261110,1,20261111,1,20261112,1,20261113,1,20261116,1,20261117,1,20261118,1,20261119,1,20261120,1,20261123,1,20261124,1,20261125,1,20261126,1,20261127,1,20261130,1,20261201,1,20261202,1,20261203,1,20261204,1,20261207,1,20261208,1,20261209,1,20261210,1,20261211,1,20261214,1,20261215,1,20261216,1,20261217,1,20261218,1,20261221,1,20261222,1,20261223,1,20261224,1,20261225,1,20261228,1,20261229,1,20261230,1,20261231,1
'1332991',20260930,1,20261001,1,20261002,1,20261005,1,20261006,1,20261007,1,20261008,1,20261009,1,20261012,1,20261013,1,20261014,1,20261015,1,20261016,1,20261019,1,20261020,1,20261021,1,20261022,1,20261023,1,20261026,1,20261027,1,20261028,1,20261029,1,20261030,1,20261102,1,20261103,1,20261104,1,20261105,1,20261106,1,20261109,1,20261110,1,20261111,1,20261112,1,20261113,1,20261116,1,20261117,1,20261118,1,20261119,1,20261120,1,20261123,1,20261124,1,20261125,1,20261126,1,20261127,1,20261130,1,20261201,1,20261202,1,20261203,1,20261204,1,20261207,1,20261208,1,20261209,1,20261210,1,20261211,1,20261214,1,20261215,1,20261216,1,20261217,1,20261218,1,20261221,1,20261222,1,20261223,1,20261224,1,20261225,1,20261228,1,20261229,1,20261230,1,20261231,1
'1333028',20260930,1,20261001,1,20261002,1,20261005,1,20261006,1,20261007,1,20261008,1,20261009,1,20261012,1,20261013,1,20261014,1,20261015,1,20261016,1,20261019,1,20261020,1,20261021,1,20261022,1,20261023,1,20261026,1,20261027,1,20261028,1,20261029,1,20261030,1,20261102,1,20261103,1,20261104,1,20261105,1,20261106,1,20261109,1,20261110,1,20261111,1,20261112,1,20261113,1,20261116,1,20261117,1,20261118,1,20261119,1,20261120,1,20261123,1,20261124,1,20261125,1,20261126,1,20261127,1,20261130,1,20261201,1,20261202,1,20261203,1,20261204,1,20261207,1,20261208,1,20261209,1,20261210,1,20261211,1,20261214,1,20261215,1,20261216,1,20261217,1,20261218,1,20261221,1,20261222,1,20261223,1,20261224,1,20261225,1,20261228,1,20261229,1,20261230,1,20261231,1
'1333064',20260930,1,20261001,1,20261002,1,20261005,1,20261006,1,20261007,1,20261008,1,20261009,1,20261012,1,20261013,1,20261014,1,20261015,1,20261016,1,20261019,1,20261020,1,20261021,1,20261022,1,20261023,1,20261026,1,20261027,1,20261028,1,20261029,1,20261030,1,20261102,1,20261103,1,20261104,1,20261105,1,20261106,1,20261109,1,20261110,1,20261111,1,20261112,1,20261113,1,20261116,1,20261117,1,20261118,1,20261119,1,20261120,1,20261123,1,20261124,1,20261125,1,20261126,1,20261127,1,20261130,1,20261201,1,20261202,1,20261203,1,20261204,1,20261207,1,20261208,1,20261209,1,20261210,1,20261211,1,20261214,1,20261215,1,20261216,1,20261217,1,20261218,1,20261221,1,20261222,1,20261223,1,20261224,1,20261225,1,20261228,1,20261229,1,20261230,1,20261231,1
'1333090',20260930,1,20261001,1,20261002,1,20261005,1,20261006,1,20261007,1,20261008,1,20261009,1,20261012,1,20261013,1,20261014,1,20261015,1,20261016,1,20261019,1,20261020,1,20261021,1,20261022,1,20261023,1,20261026,1,20261027,1,20261028,1,20261029,1,20261030,1,20261102,1,20261103,1,20261104,1,20261105,1,20261106,1,20261109,1,20261110,1,20261111,1,20261112,1,20261113,1,20261116,1,20261117,1,20261118,1,20261119,1,20261120,1,20261123,1,20261124,1,20261125,1,20261126,1,20261127,1,20261130,1,20261201,1,20261202,1,20261203,1,20261204,1,20261207,1,20261208,1,20261209,1,20261210,1,20261211,1,20261214,1,20261215,1,20261216,1,20261217,1,20261218,1,20261221,1,20261222,1,20261223,1,20261224,1,20261225,1,20261228,1,20261229,1,20261230,1,20261231,1
'1333152',20260930,1,20261001,1,20261002,1,20261005,1,20261006,1,20261007,1,20261008,1,20261009,1,20261012,1,20261013,1,20261014,1,20261015,1,20261016,1,20261019,1,20261020,1,20261021,1,20261022,1,20261023,1,20261026,1,20261027,1,20261028,1,20261029,1,20261030,1,20261102,1,20261103,1,20261104,1,20261105,1,20261106,1,20261109,1,20261110,1,20261111,1,20261112,1,20261113,1,20261116,1,20261117,1,20261118,1,20261119,1,20261120,1,20261123,1,20261124,1,20261125,1,20261126,1,20261127,1,20261130,1,20261201,1,20261202,1,20261203,1,20261204,1,20261207,1,20261208,1,20261209,1,20261210,1,20261211,1,20261214,1,20261215,1,20261216,1,20261217,1,20261218,1,20261221,1,20261222,1,20261223,1,20261224,1,20261225,1,20261228,1,20261229,1,20261230,1,20261231,1
'1333230',20261003,1,20261004,1,20261010,1,20261011,1,20261017,1,20261018,1,20261024,1,20261025,1,20261031,1,20261101,1,20261107,1,20261108,1,20261114,1,20261115,1,20261121,1,20261122,1,20261128,1,20261129,1,20261205,1,20261206,1,20261212,1,20261213,1,20261219,1,20261220,1,20261226,1,20261227,1
'1333329',20261003,1,20261004,1,20261010,1,20261011,1,20261017,1,20261018,1,20261024,1,20261025,1,20261031,1,20261101,1,20261107,1,20261108,1,20261114,1,20261115,1,20261121,1,20261122,1,20261128,1,20261129,1,20261205,1,20261206,1,20261212,1,20261213,1,20261219,1,20261220,1,20261226,1,20261227,1
'1333331',20261003,1,20261004,1,20261010,1,20261011,1,20261017,1,20261018,1,20261024,1,20261025,1,20261031,1,20261101,1,20261107,1,20261108,1,20261114,1,20261115,1,20261121,1,20261122,1,20261128,1,20261129,1,20261205,1,20261206,1,20261212,1,20261213,1,20261219,1,20261220,1,20261226,1,20261227,1
'1333332',20260930,1,20261001,1,20261002,1,20261005,1,20261006,1,20261007,1,20261008,1,20261009,1,20261012,1,20261013,1,20261014,1,20261015,1,20261016,1,20261019,1,20261020,1,20261021,1,20261022,1,20261023,1,20261026,1,20261027,1,20261028,1,20261029,1,20261030,1,20261102,1,20261103,1,20261104,1,20261105,1,20261106,1,20261109,1,20261110,1,20261111,1,20261112,1,20261113,1,20261116,1,20261117,1,20261118,1,20261119,1,20261120,1,20261123,1,20261124,1,20261125,1,20261126,1,20261127,1,20261130,1,20261201,1,20261202,1,20261203,1,20261204,1,20261207,1,20261208,1,20261209,1,20261210,1,20261211,1,20261214,1,20261215,1,20261216,1,20261217,1,20261218,1,20261221,1,20261222,1,20261223,1,20261224,1,20261225,1,20261228,1,20261229,1,20261230,1,20261231,1
'1333378',20260930,1,20261001,1,20261002,1,20261005,1,20261006,1,20261007,1,20261008,1,20261009,1,20261012,1,20261013,1,20261014,1,20261015,1,20261016,1,20261019,1,20261020,1,20261021,1,20261022,1,20261023,1,20261026,1,20261027,1,20261028,1,20261029,1,20261030,1,20261102,1,20261103,1,20261104,1,20261105,1,20261106,1,20261109,1,20261110,1,20261111,1,20261112,1,20261113,1,20261116,1,20261117,1,20261118,1,20261119,1,20261120,1,20261123,1,20261124,1,20261125,1,20261126,1,20261127,1,20261130,1,20261201,1,20261202,1,20261203,1,20261204,1,20261207,1,20261208,1,20261209,1,20261210,1,20261211,1,20261214,1,20261215,1,20261216,1,20261217,1,20261218,1,20261221,1,20261222,1,20261223,1,20261224,1,20261225,1,20261228,1,20261229,1,20261230,1,20261231,1
'1333393',20261003,1,20261004,1,20261010,1,20261011,1,20261017,1,20261018,1,20261024,1,20261025,1,20261031,1,20261101,1,20261107,1,20261108,1,20261114,1,20261115,1,20261121,1,20261122,1,20261128,1,20261129,1,20261205,1,20261206,1,20261212,1,20261213,1,20261219,1,20261220,1,20261226,1,20261227,1
'1333414',20260930,1,20261001,1,20261002,1,20261005,1,20261006,1,20261007,1,20261008,1,20261009,1,20261012,1,20261013,1,20261014,1,20261015,1,20261016,1,20261019,1,20261020,1,20261021,1,20261022,1,20261023,1,20261026,1,20261027,1,20261028,1,20261029,1,20261030,1,20261102,1,20261103,1,20261104,1,20261105,1,20261106,1,20261109,1,20261110,1,20261111,1,20261112,1,20261113,1,20261116,1,20261117,1,20261118,1,20261119,1,20261120,1,20261123,1,20261124,1,20261125,1,20261126,1,20261127,1,20261130,1,20261201,1,20261202,1,20261203,1,20261204,1,20261207,1,20261208,1,20261209,1,20261210,1,20261211,1,20261214,1,20261215,1,20261216,1,20261217,1,20261218,1,20261221,1,20261222,1,20261223,1,20261224,1,20261225,1,20261228,1,20261229,1,20261230,1,20261231,1
'1333424',20261003,1,20261004,1,20261010,1,20261011,1,20261017,1,20261018,1,20261024,1,20261025,1,20261031,1,20261101,1,20261107,1,20261108,1,20261114,1,20261115,1,20261121,1,20261122,1,20261128,1,20261129,1,20261205,1,20261206,1,20261212,1,20261213,1,20261219,1,20261220,1,20261226,1,20261227,1
'1473309',20260930,1,20261001,1,20261002,1,20261003,1,20261004,1,20261005,1,20261006,1,20261007,1,20261008,1,20261009,1,20261010,1,20261011,1,20261012,1,20261013,1,20261014,1,20261015,1,20261016,1,20261017,1,20261018,1,20261019,1,20261020,1,20261021,1,20261022,1,20261023,1,20261024,1,20261025,1,20261026,1,20261027,1,20261028,1,20261029,1,20261030,1,20261031,1,20261101,1,20261102,1,20261103,1,20261104,1,20261105,1,20261106,1,20261107,1,20261108,1,20261109,1,20261110,1,20261111,1,20261112,1,20261113,1,20261114,1,20261115,1,20261116,1,20261117,1,20261118,1,20261119,1,20261120,1,20261121,1,20261122,1,20261123,1,20261124,1,20261125,1,20261126,1,20261127,1,20261128,1,20261129,1,20261130,1,20261201,1,20261202,1,20261203,1,20261204,1,20261205,1,20261206,1,20261207,1,20261208,1,20261209,1,20261210,1,20261211,1,20261212,1,20261213,1,20261214,1,20261215,1,20261216,1,20261217,1,20261218,1,20261219,1,20261220,1,20261221,1,20261222,1,20261223,1,20261224,1,20261225,1,20261226,1,20261227,1,20261228,1,20261229,1,20261230,1,20261231,1
'1473310',20260930,1,20261001,1,20261002,1,20261005,1,20261006,1,20261007,1,20261008,1,20261009,1,20261012,1,20261013,1,20261014,1,20261015,1,20261016,1,20261019,1,20261020,1,20261021,1,20261022,1,20261023,1,20261026,1,20261027,1,20261028,1,20261029,1,20261030,1,20261102,1,20261103,1,20261104,1,20261105,1,20261106,1,20261109,1,20261110,1,20261111,1,20261112,1,20261113,1,20261116,1,20261117,1,20261118,1,20261119,1,20261120,1,20261123,1,20261124,1,20261125,1,20261126,1,20261127,1,20261130,1,20261201,1,20261202,1,20261203,1,20261204,1,20261207,1,20261208,1,20261209,1,20261210,1,20261211,1,20261214,1,20261215,1,20261216,1,20261217,1,20261218,1,20261221,1,20261222,1,20261223,1,20261224,1,20261225,1,20261228,1,20261229,1,20261230,1,20261231,1
'1473311',20260930,1,20261001,1,20261002,1,20261005,1,20261006,1,20261007,1,20261008,1,20261009,1,20261012,1,20261013,1,20261014,1,20261015,1,20261016,1,20261019,1,20261020,1,20261021,1,20261022,1,20261023,1,20261026,1,20261027,1,20261028,1,20261029,1,20261030,1,20261102,1,20261103,1,20261104,1,20261105,1,20261106,1,20261109,1,20261110,1,20261111,1,20261112,1,20261113,1,20261116,1,20261117,1,20261118,1,20261119,1,20261120,1,20261123,1,20261124,1,20261125,1,20261126,1,20261127,1,20261130,1,20261201,1,20261202,1,20261203,1,20261204,1,20261207,1,20261208,1,20261209,1,20261210,1,20261211,1,20261214,1,20261215,1,20261216,1,20261217,1,20261218,1,20261221,1,20261222,1,20261223,1,20261224,1,20261225,1,20261228,1,20261229,1,20261230,1,20261231,1
'1473312',20260930,1,20261001,1,20261002,1,20261005,1,20261006,1,20261007,1,20261008,1,20261009,1,20261012,1,20261013,1,20261014,1,20261015,1,20261016,1,20261019,1,20261020,1,20261021,1,20261022,1,20261023,1,20261026,1,20261027,1,20261028,1,20261029,1,20261030,1,20261102,1,20261103,1,20261104,1,20261105,1,20261106,1,20261109,1,20261110,1,20261111,1,20261112,1,20261113,1,20261116,1,20261117,1,20261118,1,20261119,1,20261120,1,20261123,1,20261124,1,20261125,1,20261126,1,20261127,1,20261130,1,20261201,1,20261202,1,20261203,1,20261204,1,20261207,1,20261208,1,20261209,1,20261210,1,20261211,1,20261214,1,20261215,1,20261216,1,20261217,1,20261218,1,20261221,1,20261222,1,20261223,1,20261224,1,20261225,1,20261228,1,20261229,1,20261230,1,20261231,1
'1473313',20260930,1,20261001,1,20261002,1,20261005,1,20261006,1,20261007,1,20261008,1,20261009,1,20261012,1,20261013,1,20261014,1,20261015,1,20261016,1,20261019,1,20261020,1,20261021,1,20261022,1,20261023,1,20261026,1,20261027,1,20261028,1,20261029,1,20261030,1,20261102,1,20261103,1,20261104,1,20261105,1,20261106,1,20261109,1,20261110,1,20261111,1,20261112,1,20261113,1,20261116,1,20261117,1,20261118,1,20261119,1,20261120,1,20261123,1,20261124,1,20261125,1,20261126,1,20261127,1,20261130,1,20261201,1,20261202,1,20261203,1,20261204,1,20261207,1,20261208,1,20261209,1,20261210,1,20261211,1,20261214,1,20261215,1,20261216,1,20261217,1,20261218,1,20261221,1,20261222,1,20261223,1,20261224,1,20261225,1,20261228,1,20261229,1,20261230,1,20261231,1
'1473314',20260930,1,20261001,1,20261002,1,20261005,1,20261006,1,20261007,1,20261008,1,20261009,1,20261012,1,20261013,1,20261014,1,20261015,1,20261016,1,20261019,1,20261020,1,20261021,1,20261022,1,20261023,1,20261026,1,20261027,1,20261028,1,20261029,1,20261030,1,20261102,1,20261103,1,20261104,1,20261105,1,20261106,1,20261109,1,20261110,1,20261111,1,20261112,1,20261113,1,20261116,1,20261117,1,20261118,1,20261119,1,20261120,1,20261123,1,20261124,1,20261125,1,20261126,1,20261127,1,20261130,1,20261201,1,20261202,1,20261203,1,20261204,1,20261207,1,20261208,1,20261209,1,20261210,1,20261211,1,20261214,1,20261215,1,20261216,1,20261217,1,20261218,1,20261221,1,20261222,1,20261223,1,20261224,1,20261225,1,20261228,1,20261229,1,20261230,1,20261231,1
'1473315',20260930,1,20261001,1,20261002,1,20261005,1,20261006,1,20261007,1,20261008,1,20261009,1,20261012,1,20261013,1,20261014,1,20261015,1,20261016,1,20261019,1,20261020,1,20261021,1,20261022,1,20261023,1,20261026,1,20261027,1,20261028,1,20261029,1,20261030,1,20261102,1,20261103,1,20261104,1,20261105,1,20261106,1,20261109,1,20261110,1,20261111,1,20261112,1,20261113,1,20261116,1,20261117,1,20261118,1,20261119,1,20261120,1,20261123,1,20261124,1,20261125,1,20261126,1,20261127,1,20261130,1,20261201,1,20261202,1,20261203,1,20261204,1,20261207,1,20261208,1,20261209,1,20261210,1,20261211,1,20261214,1,20261215,1,20261216,1,20261217,1,20261218,1,20261221,1,20261222,1,20261223,1,20261224,1,20261225,1,20261228,1,20261229,1,20261230,1,20261231,1
'1473316',20260930,1,20261001,1,20261002,1,20261005,1,20261006,1,20261007,1,20261008,1,20261009,1,20261012,1,20261013,1,20261014,1,20261015,1,20261016,1,20261019,1,20261020,1,20261021,1,20261022,1,20261023,1,20261026,1,20261027,1,20261028,1,20261029,1,20261030,1,20261102,1,20261103,1,20261104,1,20261105,1,20261106,1,20261109,1,20261110,1,20261111,1,20261112,1,20261113,1,20261116,1,20261117,1,20261118,1,20261119,1,20261120,1,20261123,1,20261124,1,20261125,1,20261126,1,20261127,1,20261130,1,20261201,1,20261202,1,20261203,1,20261204,1,20261207,1,20261208,1,20261209,1,20261210,1,20261211,1,20261214,1,20261215,1,20261216,1,20261217,1,20261218,1,20261221,1,20261222,1,20261223,1,20261224,1,20261225,1,20261228,1,20261229,1,20261230,1,20261231,1
'1473317',20260930,1,20261001,1,20261002,1,20261005,1,20261006,1,20261007,1,20261008,1,20261009,1,20261012,1,20261013,1,20261014,1,20261015,1,20261016,1,20261019,1,20261020,1,20261021,1,20261022,1,20261023,1,20261026,1,20261027,1,20261028,1,20261029,1,20261030,1,20261102,1,20261103,1,20261104,1,20261105,1,20261106,1,20261109,1,20261110,1,20261111,1,20261112,1,20261113,1,20261116,1,20261117,1,20261118,1,20261119,1,20261120,1,20261123,1,20261124,1,20261125,1,20261126,1,20261127,1,20261130,1,20261201,1,20261202,1,20261203,1,20261204,1,20261207,1,20261208,1,20261209,1,20261210,1,20261211,1,20261214,1,20261215,1,20261216,1,20261217,1,20261218,1,20261221,1,20261222,1,20261223,1,20261224,1,20261225,1,20261228,1,20261229,1,20261230,1,20261231,1
'1473318',20260930,1,20261001,1,20261002,1,20261005,1,20261006,1,20261007,1,20261008,1,20261009,1,20261012,1,20261013,1,20261014,1,20261015,1,20261016,1,20261019,1,20261020,1,20261021,1,20261022,1,20261023,1,20261026,1,20261027,1,20261028,1,20261029,1,20261030,1,20261102,1,20261103,1,20261104,1,20261105,1,20261106,1,20261109,1,20261110,1,20261111,1,20261112,1,20261113,1,20261116,1,20261117,1,20261118,1,20261119,1,20261120,1,20261123,1,20261124,1,20261125,1,20261126,1,20261127,1,20261130,1,20261201,1,20261202,1,20261203,1,20261204,1,20261207,1,20261208,1,20261209,1,20261210,1,20261211,1,20261214,1,20261215,1,20261216,1,20261217,1,20261218,1,20261221,1,20261222,1,20261223,1,20261224,1,20261225,1,20261228,1,20261229,1,20261230,1,20261231,1
'1473319',20260930,1,20261001,1,20261002,1,20261005,1,20261006,1,20261007,1,20261008,1,20261009,1,20261012,1,20261013,1,20261014,1,20261015,1,20261016,1,20261019,1,20261020,1,20261021,1,20261022,1,20261023,1,20261026,1,20261027,1,20261028,1,20261029,1,20261030,1,20261102,1,20261103,1,20261104,1,20261105,1,20261106,1,20261109,1,20261110,1,20261111,1,20261112,1,20261113,1,20261116,1,20261117,1,20261118,1,20261119,1,20261120,1,20261123,1,20261124,1,20261125,1,20261126,1,20261127,1,20261130,1,20261201,1,20261202,1,20261203,1,20261204,1,20261207,1,20261208,1,20261209,1,20261210,1,20261211,1,20261214,1,20261215,1,20261216,1,20261217,1,20261218,1,20261221,1,20261222,1,20261223,1,20261224,1,20261225,1,20261228,1,20261229,1,20261230,1,20261231,1
'1473320',20260930,1,20261001,1,20261002,1,20261005,1,20261006,1,20261007,1,20261008,1,20261009,1,20261012,1,20261013,1,20261014,1,20261015,1,20261016,1,20261019,1,20261020,1,20261021,1,20261022,1,20261023,1,20261026,1,20261027,1,20261028,1,20261029,1,20261030,1,20261102,1,20261103,1,20261104,1,20261105,1,20261106,1,20261109,1,20261110,1,20261111,1,20261112,1,20261113,1,20261116,1,20261117,1,20261118,1,20261119,1,20261120,1,20261123,1,20261124,1,20261125,1,20261126,1,20261127,1,20261130,1,20261201,1,20261202,1,20261203,1,20261204,1,20261207,1,20261208,1,20261209,1,20261210,1,20261211,1,20261214,1,20261215,1,20261216,1,20261217,1,20261218,1,20261221,1,20261222,1,20261223,1,20261224,1,20261225,1,20261228,1,20261229,1,20261230,1,20261231,1
'1473321',20260930,1,20261001,1,20261002,1,20261005,1,20261006,1,20261007,1,20261008,1,20261009,1,20261012,1,20261013,1,20261014,1,20261015,1,20261016,1,20261019,1,20261020,1,20261021,1,20261022,1,20261023,1,20261026,1,20261027,1,20261028,1,20261029,1,20261030,1,20261102,1,20261103,1,20261104,1,20261105,1,20261106,1,20261109,1,20261110,1,20261111,1,20261112,1,20261113,1,20261116,1,20261117,1,20261118,1,20261119,1,20261120,1,20261123,1,20261124,1,20261125,1,20261126,1,20261127,1,20261130,1,20261201,1,20261202,1,20261203,1,20261204,1,20261207,1,20261208,1,20261209,1,20261210,1,20261211,1,20261214,1,20261215,1,20261216,1,20261217,1,20261218,1,20261221,1,20261222,1,20261223,1,20261224,1,20261225,1,20261228,1,20261229,1,20261230,1,20261231,1
'1473322',20261003,1,20261004,1,20261010,1,20261011,1,20261017,1,20261018,1,20261024,1,20261025,1,20261031,1,20261101,1,20261107,1,20261108,1,20261114,1,20261115,1,20261121,1,20261122,1,20261128,1,20261129,1,20261205,1,20261206,1,20261212,1,20261213,1,20261219,1,20261220,1,20261226,1,20261227,1
'1473323',20261003,1,20261004,1,20261010,1,20261011,1,20261017,1,20261018,1,20261024,1,20261025,1,20261031,1,20261101,1,20261107,1,20261108,1,20261114,1,20261115,1,20261121,1,20261122,1,20261128,1,20261129,1,20261205,1,20261206,1,20261212,1,20261213,1,20261219,1,20261220,1,20261226,1,20261227,1
'1473324',20261003,1,20261004,1,20261010,1,20261011,1,20261017,1,20261018,1,20261024,1,20261025,1,20261031,1,20261101,1,20261107,1,20261108,1,20261114,1,20261115,1,20261121,1,20261122,1,20261128,1,20261129,1,20261205,1,20261206,1,20261212,1,20261213,1,20261219,1,20261220,1,20261226,1,20261227,1
'1473325',20261003,1,20261004,1,20261010,1,20261011,1,20261017,1,20261018,1,20261024,1,20261025,1,20261031,1,20261101,1,20261107,1,20261108,1,20261114,1,20261115,1,20261121,1,20261122,1,20261128,1,20261129,1,20261205,1,20261206,1,20261212,1,20261213,1,20261219,1,20261220,1,20261226,1,20261227,1
'1473326',20261003,1,20261004,1,20261010,1,20261011,1,20261017,1,20261018,1,20261024,1,20261025,1,20261031,1,20261101,1,20261107,1,20261108,1,20261114,1,20261115,1,20261121,1,20261122,1,20261128,1,20261129,1,20261205,1,20261206,1,20261212,1,20261213,1,20261219,1,20261220,1,20261226,1,20261227,1
'1473327',20261003,1,20261004,1,20261010,1,20261011,1,20261017,1,20261018,1,20261024,1,20261025,1,20261031,1,20261101,1,20261107,1,20261108,1,20261114,1,20261115,1,20261121,1,20261122,1,20261128,1,20261129,1,20261205,1,20261206,1,20261212,1,20261213,1,20261219,1,20261220,1,20261226,1,20261227,1
'1473328',20261003,1,20261004,1,20261010,1,20261011,1,20261017,1,20261018,1,20261024,1,20261025,1,20261031,1,20261101,1,20261107,1,20261108,1,20261114,1,20261115,1,20261121,1,20261122,1,20261128,1,20261129,1,20261205,1,20261206,1,20261212,1,20261213,1,20261219,1,20261220,1,20261226,1,20261227,1
'1473329',20261003,1,20261004,1,20261010,1,20261011,1,20261017,1,20261018,1,20261024,1,20261025,1,20261031,1,20261101,1,20261107,1,20261108,1,20261114,1,20261115,1,20261121,1,20261122,1,20261128,1,20261129,1,20261205,1,20261206,1,20261212,1,20261213,1,20261219,1,20261220,1,20261226,1,20261227,1
