1019,'1473309',610,,41,12,0,5,0
1019,'1473310',710,,42,12,0,5,0
1019,'1473311',810,,43,12,0,5,0
1019,'1473312',910,,44,12,0,5,0
1019,'1473313',1010,,45,12,0,5,0
1019,'1473314',1210,,46,12,0,5,0
1019,'1473315',1410,,47,12,0,5,0
1019,'1473316',1510,,48,12,0,5,0
1019,'1473317',1610,,49,12,0,5,0
1019,'1473318',1710,,50,12,0,5,0
1019,'1473319',1810,,51,12,0,5,0
1019,'1473320',1910,,52,12,0,5,0
1019,'1473321',2110,,53,12,0,5,0
1019,'1473322',810,,54,12,0,5,0
1019,'1473323',1010,,55,12,0,5,0
1019,'1473324',1210,,56,12,0,5,0
1019,'1473325',1410,,57,12,0,5,0
1019,'1473326',1610,,58,12,0,5,0
1019,'1473327',1810,,59,12,0,5,0
1019,'1473328',2010,,60,12,0,5,0
1019,'1473329',2210,,61,12,0,5,0
