2019,'1332928',943,,22,29,,,0
2019,'1332949',743,,23,29,,,0
2019,'1332954',1143,,24,29,,,0
2019,'1332961',1143,,25,29,,,0
2019,'1332971',2143,,26,29,,,0
2019,'1332988',2043,,27,29,,,0
2019,'1332991',1543,,28,29,,,0
2019,'1333028',843,,29,29,,,0
2019,'1333064',1943,,30,29,,,0
2019,'1333090',1843,,31,29,,,0
2019,'1333152',1643,,32,29,,,0
2019,'1333230',1343,,33,29,,,0
2019,'1333329',943,,34,29,,,0
2019,'1333331',1743,,35,29,,,0
2019,'1333332',1343,,36,29,,,0
2019,'1333378',2243,,37,29,,,0
2019,'1333393',1543,,38,29,,,0
2019,'1333414',1743,,39,29,,,0
2019,'1333424',1943,,40,29,,,0
