2019,'1332928',908,,22,5,,,0
2019,'1332949',708,,23,5,,,0
2019,'1332954',1108,,24,5,,,0
2019,'1332961',1108,,25,5,,,0
2019,'1332971',2108,,26,5,,,0
2019,'1332988',2008,,27,5,,,0
2019,'1332991',1508,,28,5,,,0
2019,'1333028',808,,29,5,,,0
2019,'1333064',1908,,30,5,,,0
2019,'1333090',1808,,31,5,,,0
2019,'1333152',1608,,32,5,,,0
2019,'1333230',1308,,33,5,,,0
2019,'1333329',908,,34,5,,,0
2019,'1333331',1708,,35,5,,,0
2019,'1333332',1308,,36,5,,,0
2019,'1333378',2208,,37,5,,,0
2019,'1333393',1508,,38,5,,,0
2019,'1333414',1708,,39,5,,,0
2019,'1333424',1908,,40,5,,,0
