2019,'1332928',912,,22,10,,,0
2019,'1332949',712,,23,10,,,0
2019,'1332954',1112,,24,10,,,0
2019,'1332961',1112,,25,10,,,0
2019,'1332971',2112,,26,10,,,0
2019,'1332988',2012,,27,10,,,0
2019,'1332991',1512,,28,10,,,0
2019,'1333028',812,,29,10,,,0
2019,'1333064',1912,,30,10,,,0
2019,'1333090',1812,,31,10,,,0
2019,'1333152',1612,,32,10,,,0
2019,'1333230',1312,,33,10,,,0
2019,'1333329',912,,34,10,,,0
2019,'1333331',1712,,35,10,,,0
2019,'1333332',1312,,36,10,,,0
2019,'1333378',2212,,37,10,,,0
2019,'1333393',1512,,38,10,,,0
2019,'1333414',1712,,39,10,,,0
2019,'1333424',1912,,40,10,,,0
