1019,'1473309',609,,41,10,0,5,0
1019,'1473310',709,,42,10,0,5,0
1019,'1473311',809,,43,10,0,5,0
1019,'1473312',909,,44,10,0,5,0
1019,'1473313',1009,,45,10,0,5,0
1019,'1473314',1209,,46,10,0,5,0
1019,'1473315',1409,,47,10,0,5,0
1019,'1473316',1509,,48,10,0,5,0
1019,'1473317',1609,,49,10,0,5,0
1019,'1473318',1709,,50,10,0,5,0
1019,'1473319',1809,,51,10,0,5,0
1019,'1473320',1909,,52,10,0,5,0
1019,'1473321',2109,,53,10,0,5,0
1019,'1473322',809,,54,10,0,5,0
1019,'1473323',1009,,55,10,0,5,0
1019,'1473324',1209,,56,10,0,5,0
1019,'1473325',1409,,57,10,0,5,0
1019,'1473326',1609,,58,10,0,5,0
1019,'1473327',1809,,59,10,0,5,0
1019,'1473328',2009,,60,10,0,5,0
1019,'1473329',2209,,61,10,0,5,0
