1019,'1473309',602,,41,3,0,5,0
1019,'1473310',702,,42,3,0,5,0
1019,'1473311',802,,43,3,0,5,0
1019,'1473312',902,,44,3,0,5,0
1019,'1473313',1002,,45,3,0,5,0
1019,'1473314',1202,,46,3,0,5,0
1019,'1473315',1402,,47,3,0,5,0
1019,'1473316',1502,,48,3,0,5,0
1019,'1473317',1602,,49,3,0,5,0
1019,'1473318',1702,,50,3,0,5,0
1019,'1473319',1802,,51,3,0,5,0
1019,'1473320',1902,,52,3,0,5,0
1019,'1473321',2102,,53,3,0,5,0
1019,'1473322',802,,54,3,0,5,0
1019,'1473323',1002,,55,3,0,5,0
1019,'1473324',1202,,56,3,0,5,0
1019,'1473325',1402,,57,3,0,5,0
1019,'1473326',1602,,58,3,0,5,0
1019,'1473327',1802,,59,3,0,5,0
1019,'1473328',2002,,60,3,0,5,0
1019,'1473329',2202,,61,3,0,5,0
